Designation	Energy	D1	D2stat	D2sys	D2tot	N_lines	Comments
059003.000001	0.0000000	0.0041491	0.0000000	0.0000000	0.0000000	22, 7L, 2D	fixed by user
059003.000031	1398.3437076	0.0038880	0.0045453	0.0000000	0.0045453	21, 5L, 1D	
059003.000032	2893.1408997	0.0034051	0.0051374	0.0000000	0.0051374	20, 5L, 3D	
059003.000033	4453.7567753	0.0044300	0.0071264	0.0000000	0.0071264	13, 1L, 1D	
059003.000034	9370.6559809	0.0031924	0.0067764	0.0000000	0.0067764	16, 3L, 2D	
059003.000035	10032.9219240	0.0054617	0.0056804	0.0000000	0.0056804	21, 8L, 2D	
059003.000036	10138.1753407	0.0026086	0.0057822	0.0000000	0.0057822	24, 5L, 2D	
059003.000037	10859.0576321	0.0027013	0.0053552	0.0000000	0.0053552	25, 7L	
059003.000038	10950.2411825	0.0035338	0.0064658	0.0000000	0.0064658	18, 7L	
059003.000039	11761.6864870	0.0036738	0.0057684	0.0000000	0.0057684	19, 7L, 2D	
059003.000040	12494.6289520	0.0050151	0.0060262	0.0000000	0.0060262	15, 5L, 1D	
059003.000041	12846.6580396	0.0103552	0.0061073	0.0000000	0.0061073	48, 16L, 6D	
059003.000042	13352.1027454	0.0087689	0.0077519	0.0000000	0.0077519	31, 6L, 10D	
059003.000043	13887.5941508	0.0047678	0.0059903	0.0000000	0.0059903	22, 8L, 2D	
059003.000044	14187.3363404	0.0050408	0.0081878	0.0000000	0.0081878	12, 1L, 1D	
059003.000045	14558.8189533	0.0108835	0.0058975	0.0000000	0.0058975	49, 9L, 6D	
059003.000046	14859.9797421	0.0068129	0.0060349	0.0000000	0.0060349	63, 15L, 11D	
059003.000047	15045.836023	0.032459	0.021778	0.000000	0.021778	36, 14L, 14D	
059003.000048	15443.4773715	0.0061559	0.0062671	0.0000000	0.0062671	13, 6L, 2D	
059003.000049	15454.1717466	0.0071041	0.0075870	0.0000000	0.0075870	29, 4L, 6D	
059003.000050	15525.5021158	0.0066621	0.0055117	0.0000000	0.0055117	50, 11L, 10D	
059003.000051	15705.1282473	0.0037084	0.0059708	0.0000000	0.0059708	15, 2L, 1D	
059003.000052	16089.1220507	0.0066506	0.0063217	0.0000000	0.0063217	12, 5L	
059003.000053	16135.9579220	0.0123366	0.0091507	0.0000000	0.0091507	42, 7L, 8D	
059003.000054	16516.146448	0.018220	0.018034	0.000000	0.018034	43, 11L, 12D	
059003.000055	16763.9736109	0.0048389	0.0065472	0.0000000	0.0065472	13, 4L, 1D	
059003.000056	17095.6357240	0.0052909	0.0073279	0.0000000	0.0073279	9, 3L	
059003.000057	17113.1875632	0.0064140	0.0070570	0.0000000	0.0070570	37, 5L, 7D	
059003.000058	17409.595148	0.027218	0.019843	0.000000	0.019843	9, 4L, 1D	
059003.000059	17534.7586060	0.0097965	0.0095236	0.0000000	0.0095236	21, 1D	
059003.000060	17626.9940726	0.0138815	0.0072479	0.0000000	0.0072479	51, 11L, 12D	
059003.000061	17642.0478327	0.0084012	0.0078471	0.0000000	0.0078471	7, 3L	
059003.000062	18063.372390	0.018623	0.014119	0.000000	0.014119	54, 8L, 12D	
059003.000063	18211.7744627	0.0064124	0.0091629	0.0000000	0.0091629	51, 12L, 8D	
059003.000064	18241.5420889	0.0057889	0.0062764	0.0000000	0.0062764	70, 12L, 14D	
059003.000065	18693.6302713	0.0087948	0.0084501	0.0000000	0.0084501	9, 2L	
059003.000066	18921.2412149	0.0064744	0.0080988	0.0000000	0.0080988	25, 5L, 6D	
059003.000067	18990.079039	0.011762	0.010633	0.000000	0.010633	27, 8L, 9D	
059003.000068	19046.0973160	0.0086696	0.0082457	0.0000000	0.0082457	12, 2L	
059003.000069	19308.9343849	0.0116169	0.0089935	0.0000000	0.0089935	51, 8L, 10D	
059003.000070	19360.0949384	0.0058134	0.0072454	0.0000000	0.0072454	45, 6L, 7D	
059003.000071	19649.6669996	0.0089702	0.0114325	0.0000000	0.0114325	9	
059003.000072	19700.9063429	0.0070957	0.0079412	0.0000000	0.0079412	55, 12L, 15D	
059003.000073	19872.4357689	0.0083544	0.0066899	0.0000000	0.0066899	71, 20L, 8D	
059003.000539	20096.7071468	0.0059551	0.0089805	0.0000000	0.0089805	7, 1L, 1D	
059003.000074	20160.3575434	0.0093289	0.0093627	0.0000000	0.0093627	20, 4L, 3D	
059003.000075	20315.6511843	0.0105890	0.0082837	0.0000000	0.0082837	30, 7L, 10D	
059003.000076	20848.3809080	0.0070892	0.0079053	0.0000000	0.0079053	44, 12L, 11D	
059003.000077	20856.8503543	0.0064446	0.0075014	0.0000000	0.0075014	8, 1L, 1D	
059003.000078	21148.4267245	0.0060334	0.0084894	0.0000000	0.0084894	28, 8L, 5D	
059003.000079	21238.7803145	0.0154617	0.0098804	0.0000000	0.0098804	40, 5L, 7D	
059003.000080	21294.8888182	0.0043705	0.0065953	0.0000000	0.0065953	64, 18L, 16D	
059003.000081	21418.8316106	0.0050417	0.0072275	0.0000000	0.0072275	36, 2L, 8D	
059003.000082	21535.1627807	0.0057216	0.0065147	0.0000000	0.0065147	70, 17L, 18D	
059003.000540	21598.5800667	0.0067581	0.0084031	0.0000000	0.0084031	10, 1L, 4D	
059003.000083	21611.1821634	0.0054454	0.0072866	0.0000000	0.0072866	50, 14L, 14D	
059003.000084	21755.8382573	0.0117457	0.0078234	0.0000000	0.0078234	30, 6L, 7D	
059003.000085	22080.9397021	0.0051001	0.0065351	0.0000000	0.0065351	51, 7L, 11D	
059003.000086	22277.6617698	0.0101050	0.0088756	0.0000000	0.0088756	29, 8L, 8D	
059003.000087	22527.7030399	0.0060151	0.0068956	0.0000000	0.0068956	55, 13L, 10D	
059003.000088	22747.6806468	0.0069354	0.0072096	0.0000000	0.0072096	59, 14L, 12D	
059003.000089	23050.6164007	0.0081215	0.0079476	0.0000000	0.0079476	28, 6L, 9D	
059003.000090	23091.6957549	0.0062347	0.0073987	0.0000000	0.0073987	10, 3L, 2D	
059003.000091	23175.0843420	0.0094478	0.0094270	0.0000000	0.0094270	39, 9L, 13D	
059003.000092	23245.9931589	0.0042807	0.0071895	0.0000000	0.0071895	12, 2L	
059003.000093	23442.2505870	0.0068211	0.0069008	0.0000000	0.0069008	52, 14L, 7D	
059003.000094	23465.413986	0.060392	0.048823	0.000000	0.048823	4	
059003.000095	23532.8659154	0.0048172	0.0069802	0.0000000	0.0069802	48, 9L, 11D	
059003.000096	23647.766384	0.010473	0.010635	0.000000	0.010635	46, 14L, 11D	
059003.000097	23651.8816603	0.0059847	0.0064119	0.0000000	0.0064119	61, 15L, 10D	
059003.000098	23751.5474151	0.0086153	0.0067827	0.0000000	0.0067827	33, 7L, 9D	
059003.000099	23844.5889074	0.0058004	0.0071298	0.0000000	0.0071298	67, 16L, 15D	
059003.000100	23955.3131753	0.0081835	0.0103222	0.0000000	0.0103222	9, 2L, 1D	
059003.000101	24250.6162238	0.0070238	0.0085507	0.0000000	0.0085507	24, 8L, 5D	
059003.000102	24309.1970035	0.0054913	0.0082540	0.0000000	0.0082540	28, 8L, 6D	
059003.000103	24357.9709710	0.0037481	0.0065995	0.0000000	0.0065995	12, 2L, 1D	
059003.000104	24461.2268553	0.0054264	0.0067382	0.0000000	0.0067382	53, 15L, 12D	
059003.000105	24470.8924579	0.0091665	0.0071653	0.0000000	0.0071653	46, 13L, 9D	
059003.000106	24788.0218786	0.0064433	0.0069343	0.0000000	0.0069343	57, 11L, 13D	
059003.000107	24886.5285181	0.0063751	0.0081130	0.0000000	0.0081130	8, 3L, 1D	
059003.000108	25033.9086128	0.0042249	0.0061407	0.0000000	0.0061407	61, 11L, 15D	
059003.000109	25244.6362055	0.0059133	0.0081273	0.0000000	0.0081273	5, 1L	
059003.000110	25391.7446781	0.0057126	0.0071299	0.0000000	0.0071299	7, 1L	
059003.000111	25409.7355207	0.0037385	0.0058772	0.0000000	0.0058772	64, 12L, 14D	
059003.000112	25934.9722167	0.0054575	0.0063298	0.0000000	0.0063298	52, 12L, 7D	
059003.000113	25979.320841	0.018422	0.014628	0.000000	0.014628	24, 3L, 3D	
059003.000114	26095.2184831	0.0077347	0.0066559	0.0000000	0.0066559	48, 12L, 12D	
059003.000115	26446.9630309	0.0049557	0.0059824	0.0000000	0.0059824	58, 11L, 10D	
059003.000116	26447.8910506	0.0054519	0.0085307	0.0000000	0.0085307	4	
059003.000117	26921.4743413	0.0057722	0.0078706	0.0000000	0.0078706	9, 1D	
059003.000118	27089.7070217	0.0143352	0.0088881	0.0000000	0.0088881	5, 2L	
059003.000119	27138.5475484	0.0057479	0.0064958	0.0000000	0.0064958	56, 6L, 13D	
059003.000120	27380.2953473	0.0069618	0.0064195	0.0000000	0.0064195	47, 14L, 5D	
059003.000121	27452.4482672	0.0047238	0.0070783	0.0000000	0.0070783	36, 7L, 8D	
059003.000122	27597.1262392	0.0088208	0.0084451	0.0000000	0.0084451	9, 3L	
059003.000123	27604.2588834	0.0048056	0.0060139	0.0000000	0.0060139	56, 14L, 12D	
059003.000124	28101.7868321	0.0061589	0.0069645	0.0000000	0.0069645	10, 3L	
059003.000125	28399.460258	0.070081	0.045000	0.000000	0.045000	16, 6L, 4D	
059003.000126	28720.7051750	0.0101240	0.0072044	0.0000000	0.0072044	68, 26L, 10D	
059003.000127	28885.085963	0.029786	0.023671	0.000000	0.023671	37, 13L, 2D	
059003.000128	28936.451522	0.011246	0.011594	0.000000	0.011594	15, 2L, 4D	
059003.000129	29263.0670549	0.0075033	0.0072983	0.0000000	0.0072983	37, 14L, 5D	
059003.000130	29267.8593207	0.0068462	0.0072665	0.0000000	0.0072665	48, 17L, 8D	
059003.000131	29835.0836828	0.0065273	0.0071553	0.0000000	0.0071553	54, 17L, 11D	
059003.000132	30505.6923366	0.0064364	0.0072958	0.0000000	0.0072958	52, 13L, 4D	
059003.000430	30602.8264573	0.0079648	0.0081735	0.0000000	0.0081735	8, 3L, 1D	
059003.000133	30733.490215	0.033737	0.027483	0.000000	0.027483	29, 10L, 7D	
059003.000134	30994.576437	0.031662	0.029086	0.000000	0.029086	32, 5L, 7D	
059003.000135	31254.7150343	0.0063652	0.0067334	0.0000000	0.0067334	46, 18L, 8D	
059003.000136	31787.9220811	0.0058155	0.0073916	0.0000000	0.0073916	5	
059003.000137	31803.6824957	0.0091980	0.0108497	0.0000000	0.0108497	8, 1L, 1D	
059003.000138	32288.9067229	0.0117250	0.0097504	0.0000000	0.0097504	13, 2L, 1D	
059003.000139	32760.103009	0.041396	0.032039	0.000000	0.032039	21, 5L, 4D	
059003.000140	33338.359656	0.048306	0.040234	0.000000	0.040234	11, 1L	
059003.000141	33466.424233	0.031697	0.026128	0.000000	0.026128	31, 6L, 3D	
059003.000142	33659.983338	0.025681	0.024582	0.000000	0.024582	29, 8L, 8D	
059003.000143	34198.5938789	0.0113386	0.0086885	0.0000000	0.0086885	10, 4L	
059003.000144	34520.2660895	0.0088631	0.0073864	0.0000000	0.0073864	45, 12L, 11D	
059003.000145	34825.467511	0.028252	0.023655	0.000000	0.023655	24, 6L, 5D	
059003.000146	35024.4821100	0.0098377	0.0074451	0.0000000	0.0074451	54, 12L, 9D	
059003.000147	35137.8241886	0.0070107	0.0089246	0.0000000	0.0089246	17, 4L, 4D	
059003.000148	35290.938819	0.025001	0.018174	0.000000	0.018174	32, 13L, 4D	
059003.000149	35384.208221	0.030644	0.030363	0.000000	0.030363	30, 3L, 5D	
059003.000150	35801.145777	0.027894	0.020126	0.000000	0.020126	39, 13L, 5D	
059003.000151	35828.4436163	0.0070199	0.0077154	0.0000000	0.0077154	36, 11L, 6D	
059003.000152	35863.7400656	0.0059361	0.0080808	0.0000000	0.0080808	22, 6L, 7D	
059003.000153	36640.3845730	0.0075942	0.0078364	0.0000000	0.0078364	52, 13L, 12D	
059003.000154	36642.1085054	0.0054708	0.0069515	0.0000000	0.0069515	41, 6L, 5D	
059003.000155	36652.2795004	0.0117266	0.0099835	0.0000000	0.0099835	29, 8L, 6D	
059003.000156	36670.5617755	0.0063964	0.0076076	0.0000000	0.0076076	28, 5L, 6D	
059003.000157	36683.2117183	0.0108792	0.0098664	0.0000000	0.0098664	12, 4L, 2D	
059003.000158	37011.9206277	0.0059489	0.0074515	0.0000000	0.0074515	34, 8L, 7D	
059003.000159	37197.6332743	0.0064418	0.0075538	0.0000000	0.0075538	23, 5L, 2D	
059003.000160	37919.584680	0.011583	0.010894	0.000000	0.010894	32, 8L, 8D	
059003.000161	38448.331212	0.020802	0.019622	0.000000	0.019622	28, 7L, 7D	
059003.000162	38549.8924067	0.0093163	0.0080804	0.0000000	0.0080804	13, 3L	
059003.000163	38694.4824638	0.0062685	0.0081237	0.0000000	0.0081237	21, 9L, 4D	
059003.000164	38701.5904735	0.0045638	0.0063635	0.0000000	0.0063635	31, 9L, 3D	
059003.000165	38726.526338	0.032862	0.027863	0.000000	0.027863	29, 11L, 5D	
059003.000166	38785.7569959	0.0055901	0.0076281	0.0000000	0.0076281	25, 4L, 9D	
059003.000167	39024.266714	0.013348	0.010505	0.000000	0.010505	30, 9L, 8D	
059003.000168	39120.4786071	0.0073254	0.0093459	0.0000000	0.0093459	15, 2L	
059003.000169	39225.5978705	0.0047896	0.0062052	0.0000000	0.0062052	9, 5L, 2D	
059003.000170	39485.464360	0.017246	0.014280	0.000000	0.014280	6, 1L	
059003.000171	39726.0034494	0.0062603	0.0075893	0.0000000	0.0075893	22, 5L, 2D	
059003.000172	39733.0134361	0.0063187	0.0068008	0.0000000	0.0068008	42, 9L, 6D	
059003.000173	39870.2080221	0.0053677	0.0067133	0.0000000	0.0067133	43, 14L, 11D	
059003.000174	39940.7298053	0.0038985	0.0060825	0.0000000	0.0060825	12, 2L, 1D	
059003.000175	40098.6810777	0.0070801	0.0078590	0.0000000	0.0078590	23, 7L, 3D	
059003.000176	40205.7504604	0.0079067	0.0079286	0.0000000	0.0079286	22, 7L, 2D	
059003.000177	41023.9895762	0.0082169	0.0084122	0.0000000	0.0084122	17, 4L, 2D	
059003.000178	41026.8686254	0.0083118	0.0106070	0.0000000	0.0106070	7, 2D	
059003.000179	44679.9374661	0.0068136	0.0070728	0.0000000	0.0070728	39, 16L, 4D	
059003.000180	44903.3818684	0.0051649	0.0070442	0.0000000	0.0070442	39, 13L, 9D	
059003.000181	45805.9662578	0.0098408	0.0103681	0.0000000	0.0103681	32, 5L, 4D	
059003.000182	45807.129671	0.012813	0.012628	0.000000	0.012628	16, 4L, 2D	
059003.000183	45844.636197	0.011934	0.011675	0.000000	0.011675	14, 2L	
059003.000184	46783.802988	0.015102	0.011033	0.000000	0.011033	14, 5L	
059003.000185	48401.6291242	0.0079683	0.0091921	0.0000000	0.0091921	17, 3L, 3D	
059003.000186	48745.4828275	0.0109186	0.0082027	0.0000000	0.0082027	23, 4L, 1D	
059003.000642	49652.299764	0.018373	0.016133	0.000000	0.016133	9, 3L	
059003.000187	50227.860027	0.015144	0.018443	0.000000	0.018443	11, 3L, 1D	
059003.000188	50647.442071	0.017465	0.018146	0.000000	0.018146	13, 3L, 3D	
059003.000189	50658.642068	0.053244	0.036412	0.000000	0.036412	11, 2L, 1D	
059003.000190	50869.295638	0.014825	0.028105	0.000000	0.028105	9, 1L	
059003.000191	51312.790785	0.056147	0.046997	0.000000	0.046997	6, 2L	
059003.000192	52026.925983	0.017615	0.022064	0.000000	0.022064	13, 1L, 2D	
059003.000193	53092.7902273	0.0129648	0.0096301	0.0000000	0.0096301	7, 2L	
059003.000194	58158.072228	0.015924	0.015366	0.000000	0.015366	39, 4L, 3D	
059003.000195	58174.160260	0.014327	0.011562	0.000000	0.011562	35, 9L, 9D	
059003.000196	60166.185820	0.013308	0.012310	0.000000	0.012310	43, 5L, 5D	
059003.000197	60419.7115310	0.0116097	0.0087547	0.0000000	0.0087547	45, 16L, 4D	
059003.000198	60520.310265	0.015836	0.012575	0.000000	0.012575	25, 6L, 4D	
059003.000199	61357.0268636	0.0110331	0.0094659	0.0000000	0.0094659	45, 8L, 8D	
059003.000200	61605.656547	0.013742	0.011190	0.000000	0.011190	34, 5L, 2D	
059003.000201	61717.980066	0.011996	0.011446	0.000000	0.011446	26, 4L, 5D	
059003.000202	62062.653528	0.016813	0.014634	0.000000	0.014634	31, 5L, 10D	
059003.000203	62240.8139032	0.0122850	0.0095638	0.0000000	0.0095638	42, 10L, 5D	
059003.000204	62535.620567	0.021472	0.017307	0.000000	0.017307	15, 4L, 3D	
059003.000205	62558.6582528	0.0104447	0.0090444	0.0000000	0.0090444	51, 11L, 5D	
059003.000206	62678.690353	0.013902	0.011322	0.000000	0.011322	34, 7L, 2D	
059003.000207	63221.2701177	0.0079063	0.0090606	0.0000000	0.0090606	24, 3L, 1D	
059003.000208	63232.167016	0.013940	0.010069	0.000000	0.010069	26, 5L, 6D	
059003.000209	63576.259380	0.014724	0.013112	0.000000	0.013112	29, 7L, 3D	
059003.000210	63593.339395	0.013971	0.010800	0.000000	0.010800	40, 4L, 3D	
059003.000211	63768.657527	0.011821	0.010515	0.000000	0.010515	47, 9L, 7D	
059003.000212	63816.8736282	0.0111493	0.0082879	0.0000000	0.0082879	45, 13L, 5D	
059003.000213	64150.890183	0.017579	0.011609	0.000000	0.011609	33, 14L, 5D	
059003.000214	64215.414021	0.011572	0.011571	0.000000	0.011571	29, 2L, 4D	
059003.000215	64235.628174	0.011369	0.010367	0.000000	0.010367	36, 7L, 3D	
059003.000216	64401.0358211	0.0114280	0.0093025	0.0000000	0.0093025	30, 6L	
059003.000217	64817.530524	0.011817	0.011766	0.000000	0.011766	22, 2L, 4D	
059003.000218	64857.152127	0.013041	0.011282	0.000000	0.011282	48, 9L, 4D	
059003.000219	64865.145128	0.011174	0.010120	0.000000	0.010120	33, 8L, 5D	
059003.000220	64979.514723	0.017432	0.015737	0.000000	0.015737	29, 4L, 6D	
059003.000431	65073.269101	0.019749	0.016307	0.000000	0.016307	9, 3L	
059003.000221	65295.882541	0.013717	0.012266	0.000000	0.012266	39, 6L, 5D	
059003.000432	65765.127490	0.023826	0.019447	0.000000	0.019447	12, 3L, 2D	
059003.000222	65909.436428	0.022945	0.018284	0.000000	0.018284	14	
059003.000223	65922.4037813	0.0121505	0.0098374	0.0000000	0.0098374	43, 6L, 5D	
059003.000224	65935.212642	0.013050	0.012888	0.000000	0.012888	30, 3L, 8D	
059003.000225	65967.113563	0.022243	0.015258	0.000000	0.015258	19, 3L, 3D	
059003.000226	66148.353867	0.012024	0.010820	0.000000	0.010820	30, 5L, 4D	
059003.000227	66301.310436	0.032010	0.024751	0.000000	0.024751	15, 3L, 3D	
059003.000228	66543.705107	0.042779	0.038754	0.000000	0.038754	5, 1D	
059003.000229	66681.128465	0.010436	0.012876	0.000000	0.012876	31, 5L, 6D	
059003.000230	66735.842635	0.014413	0.012598	0.000000	0.012598	29, 8L, 4D	
059003.000231	66852.857659	0.017362	0.013413	0.000000	0.013413	26, 7L, 2D	
059003.000232	66867.096955	0.012536	0.012911	0.000000	0.012911	16, 4L, 4D	
059003.000233	66943.013465	0.030543	0.022373	0.000000	0.022373	19, 4L, 1D	
059003.000237	67049.1596220	0.0148973	0.0094825	0.0000000	0.0094825	44, 10L, 4D	
059003.000235	67240.332555	0.016562	0.012835	0.000000	0.012835	33, 11L, 2D	
059003.000236	67395.2905087	0.0099305	0.0097885	0.0000000	0.0097885	31, 2L, 2D	
059003.000234	67398.792470	0.017009	0.012734	0.000000	0.012734	24, 7L, 3D	
059003.000238	67679.2065893	0.0086121	0.0093952	0.0000000	0.0093952	33, 6L, 6D	
059003.000239	67870.726647	0.018268	0.016070	0.000000	0.016070	35, 7L, 8D	
059003.000240	67965.446975	0.017644	0.013567	0.000000	0.013567	20, 5L, 1D	
059003.000241	68238.087286	0.025537	0.022747	0.000000	0.022747	16, 5L, 4D	
059003.000242	68305.204722	0.035866	0.026471	0.000000	0.026471	9, 5L, 1D	
059003.000433	68331.6717774	0.0096339	0.0119594	0.0000000	0.0119594	29, 8L, 21D	
059003.000243	68331.734524	0.010414	0.016446	0.000000	0.016446	37, 10L, 21D	
059003.000244	68374.541391	0.013624	0.010430	0.000000	0.010430	36, 12L, 2D	
059003.000245	68492.426666	0.011439	0.010982	0.000000	0.010982	32, 4L, 3D	
059003.000246	68525.604342	0.016885	0.012680	0.000000	0.012680	28, 7L, 2D	
059003.000247	68544.163881	0.015028	0.011554	0.000000	0.011554	28, 6L, 4D	
059003.000434	68556.287142	0.025443	0.022669	0.000000	0.022669	6, 1D	
059003.000435	68676.547055	0.013843	0.012826	0.000000	0.012826	12, 1L, 1D	
059003.000248	68801.6492113	0.0098941	0.0094102	0.0000000	0.0094102	36, 7L, 5D	
059003.000249	68978.536696	0.010923	0.010665	0.000000	0.010665	25, 4L	
059003.000250	68987.043050	0.013140	0.011010	0.000000	0.011010	33, 12L, 7D	
059003.000251	69138.2352415	0.0108018	0.0092835	0.0000000	0.0092835	38, 14L, 2D	
059003.000252	69408.494127	0.023961	0.018658	0.000000	0.018658	19, 3L, 3D	
059003.000253	69430.973678	0.014257	0.013416	0.000000	0.013416	23, 3L, 1D	
059003.000254	69681.575809	0.053023	0.042680	0.000000	0.042680	6, 1L	
059003.000255	69686.231797	0.014594	0.011825	0.000000	0.011825	27, 6L, 4D	
059003.000256	69978.013150	0.028362	0.020946	0.000000	0.020946	18, 5L, 1D	
059003.000257	70381.465877	0.021862	0.017107	0.000000	0.017107	17, 3L	
059003.000631	70477.798503	0.028492	0.017788	0.000000	0.017788	8, 3L	
059003.000258	71021.146050	0.037110	0.026145	0.000000	0.026145	15, 3L, 2D	
059003.000259	71385.623883	0.035628	0.029531	0.000000	0.029531	15, 3L, 4D	
059003.000260	71501.019536	0.015670	0.018793	0.000000	0.018793	12, 2L, 2D	
059003.000261	71536.352339	0.018909	0.014082	0.000000	0.014082	19, 2L, 1D	
059003.000262	71592.339499	0.017091	0.016439	0.000000	0.016439	22, 2L, 4D	
059003.000263	71736.404091	0.022576	0.017060	0.000000	0.017060	24, 8L, 5D	
059003.000647	71767.207704	0.014835	0.027085	0.000000	0.027085	7, 1L	
059003.000264	71978.493494	0.015612	0.012094	0.000000	0.012094	25, 7L	
059003.000265	71994.801111	0.018874	0.015893	0.000000	0.015893	17, 5L, 3D	
059003.000645	72705.850742	0.050092	0.026897	0.000000	0.026897	8, 3L, 1D	
059003.000266	73030.001412	0.030773	0.023440	0.000000	0.023440	18, 6L, 3D	
059003.000267	73378.388993	0.029024	0.025403	0.000000	0.025403	13, 2L, 3D	
059003.000268	73606.056298	0.044485	0.026860	0.000000	0.026860	15, 8L, 1D	
059003.000269	73609.123721	0.043320	0.035062	0.000000	0.035062	10, 2L	
059003.000270	74105.233638	0.038599	0.025313	0.000000	0.025313	16, 5L, 3D	
059003.000271	74463.717403	0.043988	0.038046	0.000000	0.038046	11, 2L, 3D	
059003.000436	74619.679440	0.021188	0.018606	0.000000	0.018606	13, 2L, 2D	
059003.000437	74696.222613	0.031071	0.024715	0.000000	0.024715	12, 2L, 3D	
059003.000272	75294.031454	0.045641	0.025731	0.000000	0.025731	14, 4L	
059003.000273	75409.579480	0.024162	0.018673	0.000000	0.018673	19, 4L, 2D	
059003.000274	75560.717795	0.021251	0.017157	0.000000	0.017157	15, 3L, 3D	
059003.000275	75614.767846	0.033378	0.029031	0.000000	0.029031	20, 2L, 2D	
059003.000276	75639.967671	0.021300	0.019975	0.000000	0.019975	14, 2L, 1D	
059003.000277	75762.211500	0.022928	0.020329	0.000000	0.020329	11, 5L, 1D	
059003.000438	75982.858134	0.022133	0.019189	0.000000	0.019189	10, 3L, 2D	
059003.000439	76130.453137	0.035673	0.025837	0.000000	0.025837	8, 4L, 2D	
059003.000440	76411.026328	0.027481	0.025131	0.000000	0.025131	11, 4L, 5D	
059003.000441	76534.704580	0.030454	0.029546	0.000000	0.029546	7, 2D	
059003.000278	76892.463854	0.047686	0.049154	0.000000	0.049154	6, 1L, 2D	
059003.000442	76894.581986	0.032486	0.026242	0.000000	0.026242	8, 1L	
059003.000279	77821.952949	0.024378	0.018259	0.000000	0.018259	12, 5L, 1D	
059003.000280	78312.865123	0.019038	0.021508	0.000000	0.021508	9, 1L, 2D	
059003.000281	78463.619168	0.039642	0.029019	0.000000	0.029019	15, 4L, 1D	
059003.000282	78694.549256	0.027850	0.020874	0.000000	0.020874	15, 4L, 2D	
059003.000283	78889.120292	0.020179	0.017429	0.000000	0.017429	14, 4L	
059003.000284	79136.204187	0.022076	0.018269	0.000000	0.018269	16, 7L, 4D	
059003.000285	79366.637991	0.033734	0.028508	0.000000	0.028508	13, 2D	
059003.000443	79377.124824	0.040515	0.038737	0.000000	0.038737	5	
059003.000444	79378.398693	0.016459	0.017400	0.000000	0.017400	9, 1L	
059003.000286	79395.525570	0.028429	0.022450	0.000000	0.022450	14, 3L, 1D	
059003.000287	79742.419352	0.023353	0.022489	0.000000	0.022489	7	
059003.000288	80163.982954	0.032835	0.019208	0.000000	0.019208	13, 4L	
059003.000289	80360.804012	0.026531	0.021469	0.000000	0.021469	14, 4L, 2D	
059003.000290	80897.805980	0.032116	0.023242	0.000000	0.023242	12, 3L	
059003.000291	80988.741758	0.026619	0.023730	0.000000	0.023730	12, 2L, 1D	
059003.000292	81404.501975	0.031452	0.025162	0.000000	0.025162	14, 3L	
059003.000445	82082.727652	0.038235	0.028962	0.000000	0.028962	12, 6L, 4D	
059003.000633	82084.066535	0.046764	0.030312	0.000000	0.030312	6, 3L	
059003.000293	82492.464717	0.037567	0.028536	0.000000	0.028536	10, 3L, 1D	
059003.000294	83025.901209	0.023797	0.023108	0.000000	0.023108	9	
059003.000641	83426.174128	0.040312	0.037657	0.000000	0.037657	6, 1L, 2D	
059003.000295	83426.600543	0.036801	0.031415	0.000000	0.031415	10, 4L, 3D	
059003.000296	83607.332597	0.036482	0.029718	0.000000	0.029718	14, 5L, 3D	
059003.000297	83703.426552	0.034718	0.029408	0.000000	0.029408	10, 3L, 1D	
059003.000446	84150.67427	0.11644	0.10897	0.00000	0.10897	6, 4L, 2D	
059003.000298	84270.504434	0.032707	0.030403	0.000000	0.030403	8, 2L, 2D	
059003.000447	84409.903375	0.024376	0.021238	0.000000	0.021238	12, 1L, 1D	
059003.000299	84410.656738	0.041750	0.026327	0.000000	0.026327	15, 8L, 2D	
059003.000300	84429.905541	0.089410	0.089840	0.000000	0.089840	6, 1D	
059003.000643	84592.041259	0.037462	0.028214	0.000000	0.028214	8, 2L	
059003.000448	84690.370447	0.085089	0.060807	0.000000	0.060807	12, 3L, 4D	
059003.000449	84804.133865	0.031365	0.024815	0.000000	0.024815	9, 3L, 1D	
059003.000301	84992.029429	0.037897	0.036155	0.000000	0.036155	8, 1L, 2D	
059003.000302	85306.166250	0.029552	0.025964	0.000000	0.025964	11, 4L, 2D	
059003.000450	85982.164635	0.159612	0.067602	0.000000	0.067602	8, 6L, 1D	
059003.000451	86390.516169	0.086648	0.062285	0.000000	0.062285	6, 2L, 1D	
059003.000452	86455.547763	0.103331	0.067989	0.000000	0.067989	9, 4L	
059003.000453	86938.531286	0.030374	0.027810	0.000000	0.027810	5, 1D	
059003.000303	87511.491344	0.078268	0.054570	0.000000	0.054570	14, 4L, 4D	
059003.000454	87726.800141	0.066602	0.059661	0.000000	0.059661	10, 6L, 3D	
059003.000304	88209.950352	0.099177	0.071891	0.000000	0.071891	8, 3L, 2D	
059003.000305	88948.146243	0.100309	0.052261	0.000000	0.052261	11, 7L, 1D	
059003.000455	89969.84553	0.18335	0.12937	0.00000	0.12937	5	
059003.000306	90119.902408	0.038200	0.059730	0.000000	0.059730	12, 3L, 2D	
059003.000629	90481.151813	0.099004	0.067317	0.000000	0.067317	14, 9L, 4D	
059003.000307	90629.239094	0.053924	0.047373	0.000000	0.047373	14, 2D	
059003.000627	91197.787893	0.096164	0.054191	0.000000	0.054191	15, 6L, 4D	
059003.000626	92091.709694	0.016675	0.046956	0.000000	0.046956	14, 7L, 4D	
059003.000308	92441.639720	0.037917	0.038330	0.000000	0.038330	20, 2L, 1D	
059003.000309	92554.681941	0.075887	0.046437	0.000000	0.046437	17, 4L, 1D	
059003.000310	93296.458105	0.076471	0.062527	0.000000	0.062527	10, 1L	
059003.000311	93967.332891	0.066490	0.042404	0.000000	0.042404	18, 7L, 5D	
059003.000646	94876.501798	0.104501	0.051591	0.000000	0.051591	13, 7L, 2D	
059003.000312	95147.768740	0.073643	0.051801	0.000000	0.051801	17, 5L, 2D	
059003.000313	96830.333716	0.089837	0.057923	0.000000	0.057923	17, 9L, 5D	
059003.000644	97740.312368	0.083149	0.058466	0.000000	0.058466	11, 2L, 2D	
059003.000456	99604.521332	0.138253	0.091639	0.000000	0.091639	6, 3L, 2D	
059003.000457	99938.934624	0.204279	0.070999	0.000000	0.070999	7, 3L, 2D	
059003.000541	100215.016607	0.011216	0.012186	0.000000	0.012186	11, 3L, 4D	
059003.000314	100321.102095	0.013527	0.010356	0.000000	0.010356	11, 3L	
059003.000315	100430.3598476	0.0078093	0.0097419	0.0000000	0.0097419	11, 6L, 1D	
059003.000316	100625.0411071	0.0055818	0.0097117	0.0000000	0.0097117	7, 1D	
059003.000317	100788.9826687	0.0071286	0.0095266	0.0000000	0.0095266	11, 4L, 2D	
059003.000318	100947.1905311	0.0069489	0.0118080	0.0000000	0.0118080	8, 1L, 2D	
059003.000319	101071.397305	0.014520	0.010089	0.000000	0.010089	7, 3L	
059003.000320	101165.3364151	0.0053952	0.0094225	0.0000000	0.0094225	12, 3L, 2D	
059003.000321	101446.3277893	0.0089320	0.0097675	0.0000000	0.0097675	11, 5L, 1D	
059003.000322	101665.563094	0.010185	0.016638	0.000000	0.016638	9, 1L, 4D	
059003.000323	101680.4425905	0.0074097	0.0098349	0.0000000	0.0098349	8, 2L, 2D	
059003.000542	101777.971278	0.040217	0.044007	0.000000	0.044007	3, 1D	
059003.000324	102435.604698	0.013149	0.010853	0.000000	0.010853	13, 5L, 2D	
059003.000325	102484.6311393	0.0065879	0.0128107	0.0000000	0.0128107	12, 3L, 5D	
059003.000326	102617.3058942	0.0052404	0.0102199	0.0000000	0.0102199	12, 5L, 5D	
059003.000327	102830.4726869	0.0036774	0.0089362	0.0000000	0.0089362	14, 4L, 5D	
059003.000328	102981.8883903	0.0046021	0.0108183	0.0000000	0.0108183	11, 1L, 3D	
059003.000329	103308.5202484	0.0069198	0.0126093	0.0000000	0.0126093	6	
059003.000330	103335.059291	0.027747	0.019792	0.000000	0.019792	9, 3L, 1D	
059003.000331	103344.3584227	0.0061101	0.0093492	0.0000000	0.0093492	13, 5L, 4D	
059003.000332	103484.1300836	0.0069744	0.0126150	0.0000000	0.0126150	6, 1L, 3D	
059003.000333	103805.367640	0.032002	0.025822	0.000000	0.025822	6, 2L	
059003.000334	103895.8396188	0.0068945	0.0125727	0.0000000	0.0125727	8, 1L, 3D	
059003.000543	103973.3644219	0.0069961	0.0128151	0.0000000	0.0128151	5, 1L, 3D	
059003.000335	104598.9067265	0.0077801	0.0111890	0.0000000	0.0111890	9, 2L, 1D	
059003.000336	104788.620421	0.015563	0.013607	0.000000	0.013607	8, 2L	
059003.000337	104904.5432352	0.0049905	0.0114492	0.0000000	0.0114492	8, 2L	
059003.000338	105019.0664655	0.0039372	0.0099513	0.0000000	0.0099513	15, 4L, 5D	
059003.000339	105049.7037001	0.0042510	0.0099582	0.0000000	0.0099582	11	
059003.000544	105191.006979	0.028394	0.025708	0.000000	0.025708	5	
059003.000545	105338.487698	0.026238	0.029702	0.000000	0.029702	5, 2L, 5D	
059003.000340	105450.2041553	0.0076495	0.0118899	0.0000000	0.0118899	7, 1L, 1D	
059003.000546	105485.2654211	0.0071223	0.0131446	0.0000000	0.0131446	4, 1L, 1D	
059003.000547	105534.637897	0.032457	0.034508	0.000000	0.034508	3, 1L, 1D	
059003.000341	105566.5982086	0.0055926	0.0121461	0.0000000	0.0121461	8, 1D	
059003.000342	105632.1159300	0.0036224	0.0099529	0.0000000	0.0099529	13, 2L	
059003.000548	106153.7626975	0.0079920	0.0131359	0.0000000	0.0131359	7, 2L	
059003.000549	106224.1969438	0.0068805	0.0132357	0.0000000	0.0132357	7, 1L	
059003.000550	106306.507752	0.039857	0.043815	0.000000	0.043815	5, 3D	
059003.000551	106384.541327	0.028607	0.029616	0.000000	0.029616	3, 1D	
059003.000552	106394.1021425	0.0056559	0.0190859	0.0000000	0.0190859	9, 2L, 1D	
059003.000553	106468.405222	0.033439	0.034379	0.000000	0.034379	2	
059003.000343	106665.086163	0.032597	0.031078	0.000000	0.031078	6, 3L, 2D	
059003.000344	106745.654668	0.026639	0.024601	0.000000	0.024601	5, 1D	
059003.000345	107081.910981	0.013924	0.014527	0.000000	0.014527	9, 4L	
059003.000554	107177.846419	0.041414	0.030706	0.000000	0.030706	7, 3L, 1D	
059003.000555	107223.192282	0.016366	0.018960	0.000000	0.018960	6, 1L, 1D	
059003.000556	107262.705923	0.033904	0.036760	0.000000	0.036760	4, 1L, 1D	
059003.000346	107299.033424	0.011897	0.015117	0.000000	0.015117	8, 1L, 1D	
059003.000557	107403.9628925	0.0062143	0.0131796	0.0000000	0.0131796	5, 2L	
059003.000558	107697.0587821	0.0096395	0.0167091	0.0000000	0.0167091	8, 3L, 2D	
059003.000347	107854.454668	0.029058	0.024235	0.000000	0.024235	11, 5L, 3D	
059003.000559	107978.5514862	0.0073179	0.0156424	0.0000000	0.0156424	5, 1L	
059003.000625	108117.254733	0.038983	0.026941	0.000000	0.026941	5, 1L	
059003.000348	108559.4502831	0.0082949	0.0146157	0.0000000	0.0146157	10, 4L, 2D	
059003.000560	108573.9913916	0.0083837	0.0241354	0.0000000	0.0241354	7, 2L	
059003.000349	110295.418153	0.015523	0.024668	0.000000	0.024668	12, 5L, 3D	
059003.000350	110333.589077	0.021601	0.022015	0.000000	0.022015	16, 5L, 5D	
059003.000351	110531.165609	0.017937	0.030212	0.000000	0.030212	7, 3D	
059003.000352	110881.119169	0.012720	0.022267	0.000000	0.022267	20, 2L, 5D	
059003.000353	110922.442268	0.016282	0.021525	0.000000	0.021525	19, 6L, 7D	
059003.000561	111039.695638	0.043128	0.076657	0.000000	0.076657	2, 2L, 2D	
059003.000354	111110.170443	0.014355	0.018785	0.000000	0.018785	16, 5L, 5D	
059003.000562	111193.213484	0.035696	0.039092	0.000000	0.039092	2	
059003.000355	111268.606603	0.028851	0.044042	0.000000	0.044042	13, 4L, 4D	
059003.000356	111335.0842388	0.0094956	0.0226323	0.0000000	0.0226323	12, 2L, 3D	
059003.000357	111342.508552	0.015478	0.030513	0.000000	0.030513	23, 5L, 8D	
059003.000358	111494.625500	0.012191	0.025722	0.000000	0.025722	19, 4L, 3D	
059003.000458	111518.3845095	0.0043990	0.0092258	0.0000000	0.0092258	10, 1D	
059003.000459	111728.876705	0.010458	0.010298	0.000000	0.010298	7, 5L, 2D	
059003.000460	111772.681500	0.014483	0.038992	0.000000	0.038992	10, 2L, 3D	
059003.000461	111779.169940	0.031726	0.057862	0.000000	0.057862	4, 2L, 1D	
059003.000462	111903.028625	0.023575	0.034758	0.000000	0.034758	10, 2L, 1D	
059003.000359	111993.0137332	0.0093424	0.0124289	0.0000000	0.0124289	23, 5L, 5D	
059003.000360	112643.173249	0.012249	0.016247	0.000000	0.016247	16, 3L, 3D	
059003.000361	112769.7540576	0.0098093	0.0160972	0.0000000	0.0160972	18, 2L, 4D	
059003.000463	112837.4668615	0.0063686	0.0095573	0.0000000	0.0095573	8, 1L	
059003.000362	112896.355194	0.016648	0.075140	0.000000	0.075140	11	
059003.000363	113023.701324	0.017960	0.077643	0.000000	0.077643	5, 1D	
059003.000464	113064.7258942	0.0062758	0.0100345	0.0000000	0.0100345	10, 4L, 2D	
059003.000364	113158.5836236	0.0068377	0.0104653	0.0000000	0.0104653	24, 8L, 6D	
059003.000465	113211.6622469	0.0050747	0.0095025	0.0000000	0.0095025	12, 4L, 4D	
059003.000466	113225.6862676	0.0101165	0.0093772	0.0000000	0.0093772	8, 5L, 3D	
059003.000365	113291.722229	0.013835	0.015579	0.000000	0.015579	26, 7L, 10D	
059003.000366	113556.854191	0.014191	0.034997	0.000000	0.034997	15, 3L, 2D	
059003.000367	113600.222023	0.021224	0.018835	0.000000	0.018835	21, 4L, 5D	
059003.000368	113630.9468800	0.0061599	0.0101940	0.0000000	0.0101940	16, 4L, 4D	
059003.000369	113664.6038408	0.0051639	0.0092364	0.0000000	0.0092364	19, 6L, 6D	
059003.000370	113780.3543946	0.0083942	0.0116306	0.0000000	0.0116306	25, 5L, 4D	
059003.000371	113823.162411	0.016888	0.041121	0.000000	0.041121	9, 3D	
059003.000372	113833.936176	0.016860	0.079589	0.000000	0.079589	6	
059003.000563	113854.364603	0.014731	0.039508	0.000000	0.039508	8, 3L, 2D	
059003.000467	113854.8589790	0.0052860	0.0099797	0.0000000	0.0099797	14, 1L, 3D	
059003.000468	113894.7452091	0.0065874	0.0105272	0.0000000	0.0105272	21, 7L, 4D	
059003.000373	113914.153841	0.027881	0.038193	0.000000	0.038193	19, 2L, 3D	
059003.000374	114725.648438	0.012452	0.019659	0.000000	0.019659	8, 2L, 1D	
059003.000375	114797.118256	0.010864	0.015169	0.000000	0.015169	18, 4L, 4D	
059003.000376	114970.894874	0.044764	0.051784	0.000000	0.051784	2	
059003.000469	115094.0756594	0.0046431	0.0092911	0.0000000	0.0092911	11, 4L, 3D	
059003.000470	115176.1732526	0.0048643	0.0086187	0.0000000	0.0086187	13, 3L, 3D	
059003.000471	115218.6856390	0.0048768	0.0106450	0.0000000	0.0106450	12, 1L, 2D	
059003.000377	115324.463402	0.011809	0.018034	0.000000	0.018034	21, 4L, 5D	
059003.000378	115403.195283	0.019405	0.019174	0.000000	0.019174	20, 6L, 8D	
059003.000379	115408.4149870	0.0058329	0.0106079	0.0000000	0.0106079	20, 2L, 4D	
059003.000380	115420.8999279	0.0068190	0.0140736	0.0000000	0.0140736	21, 4L, 5D	
059003.000564	115439.491961	0.069916	0.069675	0.000000	0.069675	4, 1D	
059003.000472	115489.8036131	0.0036666	0.0110742	0.0000000	0.0110742	10, 1L, 2D	
059003.000381	115499.644234	0.022014	0.025656	0.000000	0.025656	23, 9L, 5D	
059003.000382	115670.037849	0.014939	0.017776	0.000000	0.017776	9, 1L, 3D	
059003.000383	115672.2751783	0.0050053	0.0104710	0.0000000	0.0104710	16, 1L, 3D	
059003.000473	115711.83151	0.25911	0.27519	0.00000	0.27519	5, 1L, 3D	
059003.000384	115800.166006	0.022420	0.025768	0.000000	0.025768	21, 10L, 5D	
059003.000474	115881.73020	0.17735	0.20289	0.00000	0.20289	7, 1L, 3D	
059003.000385	115933.163327	0.011444	0.015843	0.000000	0.015843	17, 1L, 3D	
059003.000475	115990.68655	0.14981	0.16504	0.00000	0.16504	7, 3L, 3D	
059003.000386	116021.765226	0.017006	0.025723	0.000000	0.025723	19, 6L, 7D	
059003.000630	116074.9946128	0.0046297	0.0100297	0.0000000	0.0100297	12, 4L, 3D	
059003.000476	116078.5854562	0.0041467	0.0109879	0.0000000	0.0109879	18, 7L, 11D	
059003.000387	116238.8741676	0.0066663	0.0109676	0.0000000	0.0109676	11, 1L, 3D	
059003.000388	116309.173433	0.012886	0.015640	0.000000	0.015640	20, 6L, 6D	
059003.000640	116327.49129	0.16738	0.10875	0.00000	0.10875	10, 4L, 2D	
059003.000389	116453.27675	0.11148	0.10301	0.00000	0.10301	18, 4L, 8D	
059003.000390	116489.7702608	0.0056213	0.0197407	0.0000000	0.0197407	8, 2D	
059003.000624	116617.181853	0.016286	0.025869	0.000000	0.025869	13, 5L, 5D	
059003.000391	116727.12212	0.14044	0.14059	0.00000	0.14059	10, 5D	
059003.000477	116878.13928	0.14348	0.15400	0.00000	0.15400	10, 5L, 6D	
059003.000392	117044.602104	0.015792	0.051182	0.000000	0.051182	18, 8L, 7D	
059003.000393	117248.020977	0.015063	0.020128	0.000000	0.020128	10, 2L, 1D	
059003.000394	117322.96797	0.15287	0.13746	0.00000	0.13746	11, 1L, 4D	
059003.000478	117359.30643	0.27084	0.20798	0.00000	0.20798	3	
059003.000479	117375.9242698	0.0047090	0.0113136	0.0000000	0.0113136	9, 2L, 2D	
059003.000480	117385.0753188	0.0047985	0.0104763	0.0000000	0.0104763	13, 1L, 2D	
059003.000481	117397.7317432	0.0060736	0.0101318	0.0000000	0.0101318	12, 3L, 6D	
059003.000482	117507.922695	0.126194	0.096546	0.000000	0.096546	15, 4L, 4D	
059003.000395	117540.508403	0.107073	0.090345	0.000000	0.090345	11, 1L, 2D	
059003.000396	117574.57636	0.11350	0.12068	0.00000	0.12068	13, 2L, 4D	
059003.000398	117593.01394	0.16535	0.10001	0.00000	0.10001	13, 8L, 7D	
059003.000397	117647.231263	0.120894	0.099297	0.000000	0.099297	15, 2L, 6D	
059003.000483	117686.48285	0.13151	0.10695	0.00000	0.10695	13, 3L, 6D	
059003.000628	117712.6598548	0.0051721	0.0122711	0.0000000	0.0122711	9, 1L, 3D	
059003.000399	117775.2312652	0.0045470	0.0123162	0.0000000	0.0123162	14, 1L, 5D	
059003.000400	118063.1887619	0.0056402	0.0105695	0.0000000	0.0105695	8, 2L, 2D	
059003.000484	118069.03546	0.13252	0.12582	0.00000	0.12582	11, 6L, 6D	
059003.000401	118080.961166	0.132869	0.096605	0.000000	0.096605	17, 6L, 6D	
059003.000485	118201.51118	0.11372	0.13665	0.00000	0.13665	11, 2L, 6D	
059003.000402	118224.13236	0.16586	0.15062	0.00000	0.15062	8, 2L, 4D	
059003.000403	118271.633122	0.011976	0.016420	0.000000	0.016420	15, 4L, 4D	
059003.000404	118318.615896	0.102889	0.088913	0.000000	0.088913	15, 3L, 4D	
059003.000405	118468.943838	0.120012	0.091433	0.000000	0.091433	16, 3L, 4D	
059003.000486	118588.77861	0.11783	0.15798	0.00000	0.15798	11, 3L, 7D	
059003.000406	118610.9253645	0.0064784	0.0117130	0.0000000	0.0117130	14, 2L, 2D	
059003.000487	118860.6935139	0.0075325	0.0141246	0.0000000	0.0141246	16, 6L, 8D	
059003.000407	118878.9958433	0.0081462	0.0252490	0.0000000	0.0252490	17, 6L, 7D	
059003.000488	118884.932847	0.016036	0.019879	0.000000	0.019879	17, 6L, 10D	
059003.000565	118967.346309	0.057045	0.048372	0.000000	0.048372	7, 1L, 2D	
059003.000489	118987.25174	0.12145	0.10616	0.00000	0.10616	13, 6L, 6D	
059003.000490	119019.19868	0.16269	0.13461	0.00000	0.13461	7, 3L, 2D	
059003.000491	119077.51042	0.20990	0.18030	0.00000	0.18030	5, 1L, 1D	
059003.000650	119552.404269	0.087008	0.050931	0.000000	0.050931	7, 3L, 1D	
059003.000634	119809.2874170	0.0053354	0.0146951	0.0000000	0.0146951	7, 1L, 3D	
059003.000635	119998.5015247	0.0051672	0.0136357	0.0000000	0.0136357	12, 3L, 7D	
059003.000408	120498.71648	0.17175	0.19214	0.00000	0.19214	8, 2L, 5D	
059003.000492	120715.67735	0.16067	0.14266	0.00000	0.14266	7, 2L, 2D	
059003.000409	121095.25947	0.12457	0.13407	0.00000	0.13407	10, 3L, 5D	
059003.000410	121119.3853542	0.0090058	0.0133801	0.0000000	0.0133801	9, 3L, 2D	
059003.000566	121143.372025	0.078219	0.058336	0.000000	0.058336	4, 1L	
059003.000411	121382.49745	0.12355	0.11011	0.00000	0.11011	19, 3L, 9D	
059003.000493	121412.66540	0.15610	0.16883	0.00000	0.16883	13, 9L, 10D	
059003.000412	121431.25412	0.13671	0.11410	0.00000	0.11410	11, 2L, 3D	
059003.000413	121532.68623	0.11742	0.10699	0.00000	0.10699	14, 2L, 5D	
059003.000495	121582.85111	0.23131	0.19597	0.00000	0.19597	6, 2L, 1D	
059003.000494	121673.22876	0.21746	0.16251	0.00000	0.16251	6, 3L, 1D	
059003.000496	122141.59928	0.15312	0.12775	0.00000	0.12775	10, 4L, 3D	
059003.000567	122932.657916	0.082189	0.070956	0.000000	0.070956	5, 2L	
059003.000568	124594.422933	0.035570	0.068586	0.000000	0.068586	3, 1L, 2D	
059003.000569	125145.191869	0.126944	0.079729	0.000000	0.079729	3, 1L	
059003.000570	126743.231843	0.066244	0.055838	0.000000	0.055838	6	
059003.000414	128214.16867	0.17510	0.20946	0.00000	0.20946	5, 1L, 2D	
059003.000415	128352.77508	0.17629	0.20190	0.00000	0.20190	5, 3D	
059003.000416	128381.72449	0.21175	0.19488	0.00000	0.19488	5, 1L, 2D	
059003.000417	128453.20602	0.16442	0.14981	0.00000	0.14981	9, 1L, 4D	
059003.000497	128479.46550	0.18116	0.17987	0.00000	0.17987	5, 1L, 3D	
059003.000418	128568.65363	0.20874	0.12414	0.00000	0.12414	10, 5L, 2D	
059003.000498	128800.30825	0.23045	0.17268	0.00000	0.17268	5, 2L, 1D	
059003.000499	128913.12963	0.14572	0.13824	0.00000	0.13824	7, 2L, 2D	
059003.000571	129009.209520	0.015362	0.015519	0.000000	0.015519	6, 1L, 2D	
059003.000419	129105.941608	0.011167	0.013743	0.000000	0.013743	7, 1L	
059003.000572	129185.7220292	0.0099902	0.0158426	0.0000000	0.0158426	4, 1D	
059003.000651	129454.486504	0.013351	0.011665	0.000000	0.011665	5, 3L	
059003.000649	129662.636469	0.011263	0.014272	0.000000	0.014272	5, 1L, 1D	
059003.000573	129744.1307839	0.0097117	0.0123953	0.0000000	0.0123953	6, 2L	
059003.000652	129877.146732	0.011048	0.015005	0.000000	0.015005	4, 1L	
059003.000574	129934.485672	0.010244	0.012264	0.000000	0.012264	7, 1L, 2D	
059003.000575	130218.789430	0.014851	0.024643	0.000000	0.024643	4, 2L, 1D	
059003.000420	131200.1645152	0.0087327	0.0113145	0.0000000	0.0113145	10, 4L, 2D	
059003.000421	131226.0555462	0.0058018	0.0097271	0.0000000	0.0097271	14, 5L, 1D	
059003.000648	131665.064067	0.019061	0.021005	0.000000	0.021005	5	
059003.000639	131776.4165011	0.0093849	0.0127211	0.0000000	0.0127211	5, 1L, 1D	
059003.000576	131788.091461	0.014025	0.015405	0.000000	0.015405	5	
059003.000632	131910.5460434	0.0095949	0.0109003	0.0000000	0.0109003	6	
059003.000577	132070.148517	0.010456	0.013578	0.000000	0.013578	5, 3L	
059003.000500	132415.59671	0.26889	0.17276	0.00000	0.17276	5, 2L, 1D	
059003.000501	132651.60475	0.17343	0.22770	0.00000	0.22770	6, 2L, 4D	
059003.000502	132783.07916	0.20573	0.19379	0.00000	0.19379	6, 2D	
059003.000503	132876.57117	0.18225	0.12991	0.00000	0.12991	8, 3L, 1D	
059003.000638	132903.37255	0.18705	0.18163	0.00000	0.18163	6, 2L, 3D	
059003.000623	132958.09068	0.16165	0.16564	0.00000	0.16564	7, 4D	
059003.000504	133037.48122	0.26838	0.22352	0.00000	0.22352	4, 2D	
059003.000424	133078.06226	0.22755	0.21826	0.00000	0.21826	5, 1L	
059003.000505	133150.77442	0.17752	0.18717	0.00000	0.18717	5, 3D	
059003.000422	133194.28394	0.31787	0.34500	0.00000	0.34500	2, 1L, 1D	
059003.000423	133242.29663	0.34000	0.34017	0.00000	0.34017	1	
059003.000506	133307.58198	0.23533	0.21897	0.00000	0.21897	4, 2L, 2D	
059003.000507	133370.43947	0.15776	0.13959	0.00000	0.13959	7, 2D	
059003.000425	133373.138933	0.022037	0.028923	0.000000	0.028923	5, 1D	
059003.000426	133392.8918211	0.0077656	0.0122184	0.0000000	0.0122184	11, 6L, 2D	
059003.000427	133503.7282301	0.0076176	0.0114099	0.0000000	0.0114099	12, 3L, 1D	
059003.000508	133511.54538	0.14485	0.16945	0.00000	0.16945	8, 6D	
059003.000509	133566.58212	0.33551	0.33251	0.00000	0.33251	3	
059003.000510	133595.17937	0.18756	0.15164	0.00000	0.15164	7, 2L, 1D	
059003.000637	133624.66003	0.20817	0.15553	0.00000	0.15553	6, 3L, 2D	
059003.000511	133650.299441	0.032931	0.034276	0.000000	0.034276	3	
059003.000512	134001.25137	0.30186	0.27070	0.00000	0.27070	5, 1D	
059003.000513	134008.13093	0.28965	0.34466	0.00000	0.34466	4, 3L, 3D	
059003.000514	134069.43735	0.24215	0.22914	0.00000	0.22914	6, 2L, 2D	
059003.000636	134074.476596	0.125359	0.088960	0.000000	0.088960	6, 2L, 1D	
059003.000516	134162.74772	0.21078	0.25916	0.00000	0.25916	6, 4L, 3D	
059003.000515	134163.30917	0.22438	0.26865	0.00000	0.26865	3, 3D	
059003.000517	134220.27832	0.21872	0.23929	0.00000	0.23929	6, 1D	
059003.000579	134402.246174	0.012488	0.018397	0.000000	0.018397	4	
059003.000580	134403.105171	0.026210	0.029587	0.000000	0.029587	4, 1L, 1D	
059003.000581	134405.502199	0.018587	0.018652	0.000000	0.018652	4, 2L, 2D	
059003.000578	134406.988896	0.010525	0.015490	0.000000	0.015490	5	
059003.000582	134426.028394	0.016118	0.023115	0.000000	0.023115	5, 1L, 2D	
059003.000583	134428.839310	0.010426	0.024703	0.000000	0.024703	3	
059003.000584	134433.634757	0.010399	0.017558	0.000000	0.017558	4	
059003.000585	134454.338852	0.026788	0.042189	0.000000	0.042189	2	
059003.000586	134454.831026	0.012640	0.029110	0.000000	0.029110	2	
059003.000587	134480.182602	0.037955	0.045347	0.000000	0.045347	2, 1L	
059003.000588	134480.789626	0.012669	0.028296	0.000000	0.028296	4	
059003.000589	134488.520645	0.014412	0.041872	0.000000	0.041872	2, 1L, 1D	
059003.000590	134492.885609	0.018000	0.035168	0.000000	0.035168	1	
059003.000591	134496.335305	0.017000	0.039036	0.000000	0.039036	1, 1D	
059003.000518	134502.44728	0.29867	0.29788	0.00000	0.29788	4	
059003.000519	134868.77891	0.17521	0.16954	0.00000	0.16954	5, 1L, 1D	
059003.000520	134932.21416	0.23657	0.16754	0.00000	0.16754	6, 2L, 1D	
059003.000428	135445.161798	0.074767	0.070339	0.000000	0.070339	9, 3D	
059003.000429	135868.5618020	0.0080464	0.0148453	0.0000000	0.0148453	9, 1L, 1D	
059003.000521	135896.65336	0.39175	0.38894	0.00000	0.38894	2	
059003.000522	135926.92113	0.36389	0.32468	0.00000	0.32468	3	
059003.000523	136034.224938	0.032890	0.034509	0.000000	0.034509	5	
059003.000524	136110.99395	0.37060	0.39119	0.00000	0.39119	3, 1D	
059003.000525	136326.71692	0.23666	0.22334	0.00000	0.22334	3, 1D	
059003.000526	136435.35488	0.23924	0.19148	0.00000	0.19148	4, 1L	
059003.000527	136485.23271	0.29977	0.23884	0.00000	0.23884	6, 3L, 1D	
059003.000592	136555.049653	0.015458	0.018923	0.000000	0.018923	2	
059003.000593	136555.534515	0.013752	0.013222	0.000000	0.013222	5, 1L	
059003.000594	136558.088464	0.022274	0.019521	0.000000	0.019521	5, 1L	
059003.000595	136559.668027	0.011348	0.019298	0.000000	0.019298	3, 1L, 1D	
059003.000596	136570.8619209	0.0094607	0.0123218	0.0000000	0.0123218	5, 1L	
059003.000597	136572.254742	0.013634	0.012138	0.000000	0.012138	6, 2L, 1D	
059003.000598	136589.463259	0.012745	0.076421	0.000000	0.076421	2	
059003.000599	136589.539055	0.016552	0.017296	0.000000	0.017296	3, 2L, 1D	
059003.000601	136596.697586	0.014580	0.012597	0.000000	0.012597	5, 2L	
059003.000528	136606.74146	0.28598	0.24428	0.00000	0.24428	4	
059003.000602	136620.143840	0.034658	0.046272	0.000000	0.046272	4, 2L, 2D	
059003.000600	136638.501501	0.014643	0.014326	0.000000	0.014326	3, 1L	
059003.000603	136641.817766	0.033063	0.032165	0.000000	0.032165	2	
059003.000529	136643.567457	0.081154	0.348010	0.000000	0.348010	3, 1L, 1D	
059003.000605	136649.588324	0.018000	0.079702	0.000000	0.079702	1	
059003.000606	136650.925928	0.015906	0.079187	0.000000	0.079187	2	
059003.000604	136728.772885	0.011996	0.038084	0.000000	0.038084	3	
059003.000530	137960.681219	0.032846	0.034288	0.000000	0.034288	4	
059003.000531	138035.163047	0.062227	0.248062	0.000000	0.248062	4, 1L, 1D	
059003.000532	138077.965437	0.031978	0.034532	0.000000	0.034532	2	
059003.000533	138342.80269	0.33998	0.33305	0.00000	0.33305	3	
059003.000534	138410.70003	0.38749	0.28020	0.00000	0.28020	4, 1L	
059003.000535	138445.36851	0.34722	0.31272	0.00000	0.31272	3	
059003.000608	138787.950817	0.011213	0.012408	0.000000	0.012408	5	
059003.000607	138788.5821569	0.0089632	0.0114209	0.0000000	0.0114209	7, 1L	
059003.000609	138794.5972684	0.0090800	0.0136876	0.0000000	0.0136876	4	
059003.000610	138796.515457	0.012942	0.015579	0.000000	0.015579	4, 1L, 1D	
059003.000611	138799.425723	0.012329	0.015739	0.000000	0.015739	3	
059003.000612	138799.921071	0.011058	0.014914	0.000000	0.014914	4	
059003.000613	138822.301504	0.014730	0.049206	0.000000	0.049206	4, 3L, 4D	
059003.000614	138822.415168	0.025983	0.032340	0.000000	0.032340	5, 2L, 3D	
059003.000615	138827.727085	0.016718	0.026607	0.000000	0.026607	2	
059003.000616	138833.514261	0.014666	0.035081	0.000000	0.035081	2, 1D	
059003.000536	138839.89882	0.40867	0.48883	0.00000	0.48883	3, 1D	
059003.000617	138871.021759	0.023200	0.022674	0.000000	0.022674	3	
059003.000618	138874.897593	0.010877	0.020057	0.000000	0.020057	4	
059003.000619	138883.823328	0.011395	0.020936	0.000000	0.020936	3	
059003.000620	138888.921874	0.018000	0.054823	0.000000	0.054823	1	
059003.000621	138895.883285	0.017649	0.023624	0.000000	0.023624	3, 1L	
059003.000537	138900.37025	0.31565	0.31450	0.00000	0.31450	3	
059003.000538	139081.513203	0.033037	0.037801	0.000000	0.037801	4	
059003.000622	141440.828203	0.012435	0.015923	0.000000	0.015923	2	
