Designation	Energy	D1	D2stat	D2sys	D2tot	N_lines	Comments
059003.000001	0.0000000	0.0074585	0.0000000	0.0000000	0.0000000	22, 2L, 2D	fixed by user
059003.000031	1398.3394546	0.0069255	0.0093563	0.0000000	0.0093563	21, 1L, 1D	
059003.000032	2893.1256033	0.0073651	0.0099792	0.0000000	0.0099792	20, 3L, 3D	
059003.000033	4453.7439475	0.0089062	0.0124867	0.0000000	0.0124867	13, 1L, 1D	
059003.000034	9370.6113749	0.0083221	0.0115490	0.0000000	0.0115490	17, 1L, 1D	
059003.000035	10032.9146528	0.0083318	0.0097071	0.0000000	0.0097071	23, 6L, 2D	
059003.000036	10138.1331427	0.0055333	0.0093215	0.0000000	0.0093215	25, 2L, 2D	
059003.000037	10859.0161023	0.0053345	0.0088994	0.0000000	0.0088994	26, 2L, 1D	
059003.000038	10950.1558441	0.0074883	0.0107932	0.0000000	0.0107932	18, 3L, 1D	
059003.000039	11761.6650436	0.0065156	0.0094347	0.0000000	0.0094347	20, 3L, 2D	
059003.000040	12494.6169060	0.0081864	0.0104239	0.0000000	0.0104239	15, 1L, 1D	
059003.000041	12846.691582	0.016715	0.013551	0.000000	0.013551	53, 13L, 8D	
059003.000042	13352.168557	0.022146	0.020005	0.000000	0.020005	29, 4L, 9D	
059003.000043	13887.5595240	0.0078880	0.0098223	0.0000000	0.0098223	22, 3L, 2D	
059003.000044	14187.298206	0.011840	0.012133	0.000000	0.012133	12, 2L, 1D	
059003.000045	14558.813758	0.012180	0.012601	0.000000	0.012601	51, 7L, 7D	
059003.000046	14859.995414	0.012641	0.011487	0.000000	0.011487	64, 6L, 10D	
059003.000047	15045.835056	0.023407	0.020752	0.000000	0.020752	35, 8L, 13D	
059003.000048	15443.4520557	0.0080891	0.0109818	0.0000000	0.0109818	13, 1L, 2D	
059003.000049	15454.219772	0.018006	0.017635	0.000000	0.017635	29, 4L, 6D	
059003.000050	15525.511114	0.011635	0.011999	0.000000	0.011999	48, 7L, 9D	
059003.000051	15705.1101777	0.0087598	0.0107475	0.0000000	0.0107475	16, 2L, 2D	
059003.000052	16089.146344	0.010650	0.012281	0.000000	0.012281	12, 1L	
059003.000053	16135.954380	0.017993	0.014729	0.000000	0.014729	44, 6L, 10D	
059003.000054	16516.153405	0.014569	0.016826	0.000000	0.016826	45, 11L, 13D	
059003.000055	16763.947972	0.010101	0.011744	0.000000	0.011744	13, 4L, 2D	
059003.000056	17095.5625551	0.0089277	0.0113615	0.0000000	0.0113615	11, 1L	
059003.000057	17113.174830	0.013358	0.013637	0.000000	0.013637	37, 6L, 6D	
059003.000058	17409.576166	0.013567	0.014893	0.000000	0.014893	8, 1L, 1D	
059003.000059	17534.769170	0.015118	0.017464	0.000000	0.017464	21, 2D	
059003.000060	17626.968116	0.013705	0.011963	0.000000	0.011963	52, 11L, 13D	
059003.000061	17642.059374	0.015689	0.015158	0.000000	0.015158	7, 1L	
059003.000062	18063.344149	0.013107	0.012576	0.000000	0.012576	55, 7L, 13D	
059003.000063	18211.737226	0.012763	0.013969	0.000000	0.013969	52, 12L, 8D	
059003.000064	18241.531331	0.011381	0.011356	0.000000	0.011356	69, 11L, 13D	
059003.000065	18693.598212	0.011469	0.013204	0.000000	0.013204	9, 1L, 1D	
059003.000066	18921.237729	0.016575	0.017195	0.000000	0.017195	25, 4L, 8D	
059003.000067	18990.079177	0.015529	0.014821	0.000000	0.014821	27, 7L, 10D	
059003.000068	19046.0678190	0.0084832	0.0106937	0.0000000	0.0106937	13, 1L, 1D	
059003.000069	19308.900299	0.012500	0.013818	0.000000	0.013818	52, 9L, 12D	
059003.000070	19360.076820	0.011974	0.013055	0.000000	0.013055	46, 8L, 9D	
059003.000071	19649.664484	0.023022	0.025760	0.000000	0.025760	9	
059003.000072	19700.870323	0.012629	0.012854	0.000000	0.012854	56, 14L, 15D	
059003.000073	19872.417094	0.011969	0.010991	0.000000	0.010991	74, 20L, 9D	
059003.000539	20096.634063	0.019294	0.020406	0.000000	0.020406	10, 2L, 1D	
059003.000074	20160.340704	0.017109	0.016730	0.000000	0.016730	22, 2L, 3D	
059003.000075	20315.617835	0.013841	0.011549	0.000000	0.011549	33, 11L, 11D	
059003.000076	20848.379515	0.011715	0.013095	0.000000	0.013095	47, 8L, 13D	
059003.000077	20856.7894724	0.0093436	0.0118750	0.0000000	0.0118750	8, 1L, 1D	
059003.000078	21148.340748	0.015216	0.014868	0.000000	0.014868	32, 6L, 5D	
059003.000079	21238.722779	0.016536	0.016269	0.000000	0.016269	41, 4L, 8D	
059003.000080	21294.884475	0.010946	0.011527	0.000000	0.011527	69, 21L, 17D	
059003.000081	21418.799648	0.012529	0.013243	0.000000	0.013243	37, 4L, 9D	
059003.000082	21535.1623807	0.0091176	0.0108235	0.0000000	0.0108235	71, 13L, 19D	
059003.000540	21598.494996	0.017413	0.018606	0.000000	0.018606	11, 3L, 5D	
059003.000083	21611.146333	0.010481	0.011990	0.000000	0.011990	49, 12L, 13D	
059003.000084	21755.826273	0.011553	0.011959	0.000000	0.011959	31, 4L, 8D	
059003.000085	22080.9302414	0.0093976	0.0107486	0.0000000	0.0107486	53, 9L, 12D	
059003.000086	22277.613284	0.014513	0.015485	0.000000	0.015485	31, 7L, 8D	
059003.000087	22527.712830	0.010243	0.011197	0.000000	0.011197	55, 15L, 11D	
059003.000088	22747.687266	0.011241	0.011859	0.000000	0.011859	58, 8L, 11D	
059003.000089	23050.573670	0.014307	0.016099	0.000000	0.016099	32, 8L, 10D	
059003.000090	23091.630179	0.010303	0.013107	0.000000	0.013107	10, 1L, 2D	
059003.000091	23175.060404	0.013617	0.013882	0.000000	0.013882	39, 11L, 13D	
059003.000092	23245.9285348	0.0083700	0.0109741	0.0000000	0.0109741	12, 1L	
059003.000093	23442.2405614	0.0095498	0.0111830	0.0000000	0.0111830	52, 11L, 7D	
059003.000094	23465.357957	0.031175	0.028731	0.000000	0.028731	4, 1L	
059003.000095	23532.816942	0.011052	0.011420	0.000000	0.011420	48, 10L, 11D	
059003.000096	23647.794511	0.015924	0.014867	0.000000	0.014867	46, 6L, 11D	
059003.000097	23651.8653539	0.0090194	0.0100694	0.0000000	0.0100694	63, 14L, 10D	
059003.000098	23751.4954522	0.0094478	0.0115314	0.0000000	0.0115314	35, 5L, 8D	
059003.000099	23844.578584	0.010177	0.011022	0.000000	0.011022	67, 19L, 15D	
059003.000100	23955.266235	0.018009	0.020312	0.000000	0.020312	12, 2L, 3D	
059003.000101	24250.583349	0.013839	0.013355	0.000000	0.013355	27, 10L, 6D	
059003.000102	24309.161746	0.012064	0.013365	0.000000	0.013365	31, 4L, 7D	
059003.000103	24357.968264	0.010891	0.012860	0.000000	0.012860	12, 1D	
059003.000104	24461.2037372	0.0090458	0.0104798	0.0000000	0.0104798	59, 25L, 14D	
059003.000105	24470.8606180	0.0093995	0.0108421	0.0000000	0.0108421	49, 11L, 13D	
059003.000106	24788.0063924	0.0092409	0.0108093	0.0000000	0.0108093	60, 10L, 14D	
059003.000107	24886.439428	0.011415	0.013354	0.000000	0.013354	8, 1D	
059003.000108	25033.8885040	0.0092610	0.0105062	0.0000000	0.0105062	62, 16L, 15D	
059003.000109	25244.663545	0.015391	0.017327	0.000000	0.017327	5, 1L	
059003.000110	25391.764453	0.012057	0.014130	0.000000	0.014130	7	
059003.000111	25409.7261840	0.0071251	0.0096623	0.0000000	0.0096623	68, 11L, 15D	
059003.000112	25934.9428109	0.0080474	0.0103891	0.0000000	0.0103891	54, 11L, 9D	
059003.000113	25979.341500	0.022097	0.020132	0.000000	0.020132	24, 3L, 4D	
059003.000114	26095.2181577	0.0096740	0.0114468	0.0000000	0.0114468	46, 9L, 10D	
059003.000115	26446.9395023	0.0071024	0.0098468	0.0000000	0.0098468	59, 11L, 11D	
059003.000116	26447.940697	0.014914	0.019479	0.000000	0.019479	4	
059003.000117	26921.4130685	0.0096849	0.0121600	0.0000000	0.0121600	10, 1D	
059003.000118	27089.717327	0.025896	0.019852	0.000000	0.019852	5, 2L	
059003.000119	27138.5391288	0.0070563	0.0094964	0.0000000	0.0094964	57, 10L, 13D	
059003.000120	27380.3398372	0.0098779	0.0102084	0.0000000	0.0102084	49, 14L, 7D	
059003.000121	27452.3996235	0.0089861	0.0114500	0.0000000	0.0114500	36, 5L, 9D	
059003.000122	27597.070973	0.013838	0.014595	0.000000	0.014595	9, 1L	
059003.000123	27604.2333979	0.0077183	0.0100366	0.0000000	0.0100366	57, 12L, 14D	
059003.000124	28101.758211	0.011304	0.012348	0.000000	0.012348	10	
059003.000125	28399.408775	0.025956	0.018807	0.000000	0.018807	21, 6L, 3D	
059003.000126	28720.6996815	0.0091175	0.0105856	0.0000000	0.0105856	70, 12L, 13D	
059003.000127	28885.129138	0.018597	0.014559	0.000000	0.014559	45, 17L, 3D	
059003.000128	28936.403974	0.015752	0.016398	0.000000	0.016398	17, 3L, 4D	
059003.000129	29263.068696	0.010514	0.012147	0.000000	0.012147	40, 4L, 6D	
059003.000130	29267.8255873	0.0087952	0.0102593	0.0000000	0.0102593	48, 11L, 8D	
059003.000131	29835.0892458	0.0087532	0.0108865	0.0000000	0.0108865	53, 8L, 11D	
059003.000132	30505.717603	0.010403	0.010775	0.000000	0.010775	53, 7L, 3D	
059003.000430	30602.793066	0.012370	0.015016	0.000000	0.015016	8, 1L, 1D	
059003.000133	30733.553853	0.017827	0.016537	0.000000	0.016537	30, 7L, 8D	
059003.000134	30994.543608	0.016283	0.014688	0.000000	0.014688	35, 9L, 7D	
059003.000135	31254.6787828	0.0080367	0.0102310	0.0000000	0.0102310	48, 11L, 9D	
059003.000136	31787.897978	0.013963	0.013769	0.000000	0.013769	6, 1L, 1D	
059003.000137	31803.611422	0.018173	0.021233	0.000000	0.021233	9, 2L, 2D	
059003.000138	32288.830990	0.010739	0.013931	0.000000	0.013931	14, 2L, 1D	
059003.000139	32760.153422	0.021890	0.018395	0.000000	0.018395	21, 3L, 4D	
059003.000140	33338.326807	0.020117	0.016775	0.000000	0.016775	14, 6L	
059003.000141	33466.396130	0.015196	0.013843	0.000000	0.013843	31, 8L, 2D	
059003.000142	33659.951961	0.016587	0.015266	0.000000	0.015266	35, 14L, 10D	
059003.000143	34198.531950	0.012285	0.014178	0.000000	0.014178	11, 1L	
059003.000144	34520.2430240	0.0072459	0.0101484	0.0000000	0.0101484	49, 15L, 11D	
059003.000145	34825.481439	0.014594	0.013506	0.000000	0.013506	32, 12L, 7D	
059003.000146	35024.5029998	0.0074488	0.0100276	0.0000000	0.0100276	61, 12L, 12D	
059003.000147	35137.7968224	0.0098962	0.0122577	0.0000000	0.0122577	19, 7L, 5D	
059003.000148	35290.965766	0.011824	0.012864	0.000000	0.012864	33, 8L, 3D	
059003.000149	35384.129471	0.017690	0.015890	0.000000	0.015890	32, 5L, 4D	
059003.000150	35801.131326	0.014869	0.012229	0.000000	0.012229	49, 12L, 7D	
059003.000151	35828.4235864	0.0093217	0.0116376	0.0000000	0.0116376	37, 4L, 6D	
059003.000152	35863.688139	0.010487	0.012230	0.000000	0.012230	25, 9L, 7D	
059003.000153	36640.3703029	0.0069890	0.0100206	0.0000000	0.0100206	53, 6L, 15D	
059003.000154	36642.1344384	0.0090435	0.0114154	0.0000000	0.0114154	42, 7L, 6D	
059003.000155	36652.255039	0.011968	0.012054	0.000000	0.012054	29, 11L, 7D	
059003.000156	36670.591628	0.010825	0.013095	0.000000	0.013095	29, 3L, 6D	
059003.000157	36683.145060	0.014584	0.014752	0.000000	0.014752	13, 3L, 2D	
059003.000158	37011.8491418	0.0097881	0.0114451	0.0000000	0.0114451	37, 6L, 8D	
059003.000159	37197.5699537	0.0089862	0.0111507	0.0000000	0.0111507	23, 2L, 2D	
059003.000160	37919.552073	0.011690	0.012495	0.000000	0.012495	34, 8L, 7D	
059003.000161	38448.327856	0.014070	0.012959	0.000000	0.012959	30, 6L, 7D	
059003.000162	38549.805677	0.013282	0.013403	0.000000	0.013403	14, 3L	
059003.000163	38694.4126978	0.0090723	0.0111179	0.0000000	0.0111179	26, 6L, 6D	
059003.000164	38701.6219650	0.0080536	0.0107623	0.0000000	0.0107623	32, 4L, 5D	
059003.000165	38726.483828	0.014403	0.013892	0.000000	0.013892	38, 9L, 10D	
059003.000166	38785.824259	0.010766	0.013321	0.000000	0.013321	25, 6L, 9D	
059003.000167	39024.2526278	0.0088504	0.0112787	0.0000000	0.0112787	30, 5L, 8D	
059003.000168	39120.4302190	0.0090969	0.0122566	0.0000000	0.0122566	16, 1D	
059003.000169	39225.589009	0.011000	0.011471	0.000000	0.011471	9, 3L, 2D	
059003.000170	39485.440414	0.016267	0.017339	0.000000	0.017339	7, 1L	
059003.000171	39726.062930	0.011161	0.013494	0.000000	0.013494	22, 3L, 2D	
059003.000172	39733.0360020	0.0078156	0.0100412	0.0000000	0.0100412	42, 7L, 4D	
059003.000173	39870.2195840	0.0082248	0.0101642	0.0000000	0.0101642	48, 13L, 11D	
059003.000174	39940.7045550	0.0087753	0.0108059	0.0000000	0.0108059	12, 2L, 1D	
059003.000175	40098.6119415	0.0092359	0.0113192	0.0000000	0.0113192	25, 4L, 4D	
059003.000176	40205.6780065	0.0091879	0.0117838	0.0000000	0.0117838	22, 2L, 2D	
059003.000177	41023.909335	0.011798	0.012395	0.000000	0.012395	18, 1L, 3D	
059003.000178	41026.933049	0.019023	0.022183	0.000000	0.022183	7, 2D	
059003.000179	44679.8997959	0.0077384	0.0098814	0.0000000	0.0098814	40, 10L, 6D	
059003.000180	44903.3212410	0.0074586	0.0100521	0.0000000	0.0100521	40, 12L, 8D	
059003.000181	45805.9830800	0.0094311	0.0115005	0.0000000	0.0115005	33, 6L, 6D	
059003.000182	45807.158581	0.011751	0.012302	0.000000	0.012302	19, 14L, 5D	
059003.000183	45844.531792	0.016170	0.014325	0.000000	0.014325	16, 4L, 1D	
059003.000184	46783.810526	0.023044	0.019405	0.000000	0.019405	15, 4L, 1D	
059003.000185	48401.5827127	0.0097358	0.0124798	0.0000000	0.0124798	16, 1L, 3D	
059003.000186	48745.4380660	0.0085978	0.0116390	0.0000000	0.0116390	23, 4L, 2D	
059003.000642	49653.778173	0.013782	0.015334	0.000000	0.015334	9, 1L	
059003.000187	50227.816621	0.016121	0.017493	0.000000	0.017493	11, 3L, 1D	
059003.000188	50647.433850	0.019780	0.016260	0.000000	0.016260	13, 3L, 2D	
059003.000189	50658.761333	0.022193	0.022415	0.000000	0.022415	11, 2L, 1D	
059003.000190	50869.245431	0.019870	0.020026	0.000000	0.020026	14, 4L	
059003.000191	51312.769752	0.028747	0.021949	0.000000	0.021949	10, 6L, 4D	
059003.000192	52026.879705	0.014104	0.016272	0.000000	0.016272	14, 3L, 4D	
059003.000193	53092.737873	0.011141	0.013539	0.000000	0.013539	8	
059003.000194	58158.043051	0.010413	0.011530	0.000000	0.011530	38, 6L, 2D	
059003.000195	58174.204916	0.014367	0.013554	0.000000	0.013554	36, 5L, 9D	
059003.000196	60166.1592580	0.0096973	0.0106190	0.0000000	0.0106190	44, 7L, 6D	
059003.000197	60419.770333	0.011465	0.011705	0.000000	0.011705	46, 6L, 4D	
059003.000198	60520.316780	0.012902	0.012117	0.000000	0.012117	25, 5L, 6D	
059003.000199	61357.0317652	0.0097013	0.0111584	0.0000000	0.0111584	46, 7L, 11D	
059003.000200	61605.648838	0.010146	0.011607	0.000000	0.011607	34, 4L, 2D	
059003.000201	61717.966670	0.011112	0.012675	0.000000	0.012675	27, 5L, 6D	
059003.000202	62062.679873	0.011560	0.012662	0.000000	0.012662	35, 5L, 12D	
059003.000203	62240.825332	0.010374	0.010848	0.000000	0.010848	46, 8L, 6D	
059003.000204	62535.629586	0.014590	0.013261	0.000000	0.013261	19, 4L, 3D	
059003.000205	62558.6430144	0.0086456	0.0105403	0.0000000	0.0105403	53, 4L, 6D	
059003.000206	62678.709523	0.013270	0.012838	0.000000	0.012838	36, 5L, 3D	
059003.000207	63221.213507	0.011321	0.012534	0.000000	0.012534	23, 3L, 1D	
059003.000208	63232.173006	0.011581	0.011744	0.000000	0.011744	29, 10L, 8D	
059003.000209	63576.279707	0.013198	0.013062	0.000000	0.013062	30, 6L, 4D	
059003.000210	63593.330865	0.010357	0.010794	0.000000	0.010794	43, 4L, 3D	
059003.000211	63768.663271	0.010428	0.011144	0.000000	0.011144	49, 9L, 7D	
059003.000212	63816.9093549	0.0090062	0.0103729	0.0000000	0.0103729	48, 14L, 6D	
059003.000213	64150.920495	0.011238	0.012407	0.000000	0.012407	36, 8L, 5D	
059003.000214	64215.458225	0.013347	0.014559	0.000000	0.014559	30, 6L, 5D	
059003.000215	64235.627156	0.010027	0.010773	0.000000	0.010773	42, 5L, 7D	
059003.000216	64400.9743866	0.0095211	0.0112943	0.0000000	0.0112943	31, 1L, 1D	
059003.000217	64817.504692	0.010948	0.012340	0.000000	0.012340	24, 3L, 6D	
059003.000218	64857.163772	0.010377	0.011175	0.000000	0.011175	51, 7L, 6D	
059003.000219	64865.129198	0.010571	0.011605	0.000000	0.011605	38, 6L, 6D	
059003.000220	64979.473201	0.013699	0.012433	0.000000	0.012433	32, 10L, 6D	
059003.000431	65073.184403	0.018320	0.017071	0.000000	0.017071	9, 2L	
059003.000221	65295.886568	0.010466	0.011957	0.000000	0.011957	41, 6L, 6D	
059003.000432	65765.107666	0.019691	0.017273	0.000000	0.017273	13, 2L, 2D	
059003.000222	65909.410088	0.017332	0.015687	0.000000	0.015687	16, 3L, 1D	
059003.000223	65922.386729	0.011247	0.011619	0.000000	0.011619	45, 5L, 6D	
059003.000224	65935.190938	0.012879	0.012546	0.000000	0.012546	32, 9L, 7D	
059003.000225	65967.119181	0.015769	0.015635	0.000000	0.015635	21, 3L, 4D	
059003.000226	66148.353766	0.012770	0.012971	0.000000	0.012971	31, 6L, 7D	
059003.000227	66301.369751	0.023449	0.022442	0.000000	0.022442	18, 4L, 4D	
059003.000228	66543.654471	0.035617	0.033807	0.000000	0.033807	5, 1L, 1D	
059003.000229	66681.0956710	0.0096325	0.0127949	0.0000000	0.0127949	31, 5L, 6D	
059003.000230	66735.846193	0.014268	0.014323	0.000000	0.014323	32, 6L, 4D	
059003.000231	66852.812925	0.011625	0.011596	0.000000	0.011596	28, 6L, 3D	
059003.000232	66867.049720	0.013054	0.014956	0.000000	0.014956	16, 2L, 4D	
059003.000233	66942.982002	0.016373	0.014618	0.000000	0.014618	18, 3L, 2D	
059003.000237	67049.1606099	0.0095015	0.0108792	0.0000000	0.0108792	47, 6L, 5D	
059003.000235	67240.312591	0.013730	0.013541	0.000000	0.013541	33, 3L, 4D	
059003.000236	67395.266491	0.010653	0.011766	0.000000	0.011766	32, 5L, 3D	
059003.000234	67398.816655	0.013924	0.012936	0.000000	0.012936	27, 6L, 4D	
059003.000238	67679.1830704	0.0097310	0.0113480	0.0000000	0.0113480	36, 5L, 7D	
059003.000239	67870.733404	0.013191	0.013543	0.000000	0.013543	39, 8L, 8D	
059003.000240	67965.419476	0.018671	0.015039	0.000000	0.015039	19, 6L	
059003.000241	68238.144457	0.019395	0.021420	0.000000	0.021420	17, 3L, 4D	
059003.000242	68305.191328	0.029807	0.025484	0.000000	0.025484	9, 4L, 1D	
059003.000433	68331.630658	0.010324	0.013283	0.000000	0.013283	32, 8L, 24D	
059003.000243	68331.7097040	0.0094983	0.0157864	0.0000000	0.0157864	38, 10L, 24D	
059003.000244	68374.559708	0.011241	0.011734	0.000000	0.011734	41, 7L, 6D	
059003.000245	68492.4072883	0.0096384	0.0112702	0.0000000	0.0112702	33, 2L, 4D	
059003.000246	68525.598159	0.014244	0.012880	0.000000	0.012880	31, 8L, 3D	
059003.000247	68544.169897	0.012888	0.011731	0.000000	0.011731	32, 11L, 2D	
059003.000434	68556.212596	0.021693	0.022235	0.000000	0.022235	6, 1D	
059003.000435	68676.498133	0.012852	0.014692	0.000000	0.014692	13, 2D	
059003.000248	68801.625515	0.011328	0.011552	0.000000	0.011552	35, 7L, 3D	
059003.000653	68890.122260	0.015956	0.017893	0.000000	0.017893	6	
059003.000249	68978.500545	0.011836	0.012331	0.000000	0.012331	27, 5L, 2D	
059003.000250	68987.049432	0.012273	0.011995	0.000000	0.011995	35, 10L, 10D	
059003.000251	69138.244310	0.010328	0.011019	0.000000	0.011019	43, 10L, 4D	
059003.000252	69408.505422	0.016833	0.017588	0.000000	0.017588	21, 2L, 4D	
059003.000253	69430.936168	0.018159	0.014163	0.000000	0.014163	23, 5L, 2D	
059003.000254	69681.774207	0.033853	0.031900	0.000000	0.031900	8	
059003.000255	69686.181896	0.013180	0.012709	0.000000	0.012709	31, 10L, 4D	
059003.000256	69978.004498	0.015018	0.014931	0.000000	0.014931	21, 2L, 1D	
059003.000257	70381.493506	0.018186	0.016935	0.000000	0.016935	19, 2L	
059003.000631	70477.810115	0.020669	0.019126	0.000000	0.019126	8, 1L	
059003.000258	71021.175390	0.033277	0.022241	0.000000	0.022241	12, 3L, 1D	
059003.000259	71385.715197	0.023598	0.023878	0.000000	0.023878	15, 5L, 4D	
059003.000260	71501.005230	0.015189	0.016608	0.000000	0.016608	15, 3L, 2D	
059003.000261	71536.324133	0.012907	0.013161	0.000000	0.013161	20, 1L, 1D	
059003.000262	71592.352726	0.014629	0.014387	0.000000	0.014387	26, 3L, 4D	
059003.000263	71736.434342	0.018333	0.017192	0.000000	0.017192	23, 3L, 4D	
059003.000647	71767.190953	0.018570	0.022350	0.000000	0.022350	7	
059003.000264	71978.468659	0.011364	0.011731	0.000000	0.011731	27, 5L, 2D	
059003.000265	71994.770403	0.014271	0.015698	0.000000	0.015698	18, 3L, 3D	
059003.000645	72705.785223	0.030951	0.027880	0.000000	0.027880	8, 3L, 2D	
059003.000266	73030.056433	0.018613	0.018140	0.000000	0.018140	20, 7L, 5D	
059003.000267	73378.360845	0.019460	0.020185	0.000000	0.020185	16, 2L, 3D	
059003.000268	73606.089431	0.022299	0.020672	0.000000	0.020672	15, 3L, 4D	
059003.000269	73609.199139	0.029442	0.024280	0.000000	0.024280	12, 1D	
059003.000270	74105.226268	0.018883	0.018833	0.000000	0.018833	17, 4L, 4D	
059003.000271	74463.838822	0.031739	0.031256	0.000000	0.031256	11, 6L, 3D	
059003.000436	74619.644106	0.017390	0.017581	0.000000	0.017581	13, 2D	
059003.000437	74696.200567	0.020610	0.018604	0.000000	0.018604	15, 6L, 3D	
059003.000272	75294.070042	0.021574	0.018191	0.000000	0.018191	18, 3L	
059003.000273	75409.482109	0.015781	0.014740	0.000000	0.014740	20, 6L, 2D	
059003.000674	75481.149076	0.034553	0.025184	0.000000	0.025184	6, 2L	
059003.000274	75560.661729	0.014540	0.015068	0.000000	0.015068	19, 6L, 5D	
059003.000275	75614.812086	0.018186	0.017344	0.000000	0.017344	22, 7L, 3D	
059003.000276	75639.979625	0.017118	0.017078	0.000000	0.017078	16, 2L, 1D	
059003.000277	75762.170888	0.016425	0.017977	0.000000	0.017977	13, 2L, 2D	
059003.000438	75982.830645	0.019741	0.023034	0.000000	0.023034	10, 2L, 3D	
059003.000439	76130.409074	0.034912	0.030718	0.000000	0.030718	10, 3L, 2D	
059003.000440	76410.945853	0.020983	0.020312	0.000000	0.020312	14, 5L, 7D	
059003.000441	76534.746052	0.025576	0.024444	0.000000	0.024444	7, 1L, 2D	
059003.000278	76892.470388	0.045335	0.041680	0.000000	0.041680	6, 2L, 2D	
059003.000442	76894.537096	0.026826	0.023591	0.000000	0.023591	8, 2L	
059003.000279	77821.905579	0.020248	0.017283	0.000000	0.017283	13, 3L, 1D	
059003.000280	78312.783024	0.016231	0.017577	0.000000	0.017577	11, 2L, 2D	
059003.000281	78463.689359	0.027534	0.020922	0.000000	0.020922	16, 3L, 2D	
059003.000282	78694.584632	0.019689	0.019011	0.000000	0.019011	15, 2L, 3D	
059003.000283	78889.038875	0.019353	0.017158	0.000000	0.017158	19, 6L, 3D	
059003.000284	79136.260977	0.019721	0.018519	0.000000	0.018519	17, 3L, 5D	
059003.000285	79366.641014	0.019870	0.020215	0.000000	0.020215	14, 3L, 3D	
059003.000443	79377.203320	0.040459	0.033827	0.000000	0.033827	5, 1L, 1D	
059003.000444	79378.347650	0.018327	0.016400	0.000000	0.016400	10, 2L	
059003.000286	79395.531563	0.020924	0.019745	0.000000	0.019745	18, 3L, 2D	
059003.000287	79742.342543	0.019011	0.019801	0.000000	0.019801	7	
059003.000288	80163.979539	0.020003	0.017151	0.000000	0.017151	12, 4L, 1D	
059003.000289	80360.798455	0.021803	0.020095	0.000000	0.020095	15, 2L, 2D	
059003.000290	80897.734648	0.020436	0.016176	0.000000	0.016176	13, 3L	
059003.000291	80988.855831	0.023708	0.022252	0.000000	0.022252	12, 1L, 1D	
059003.000292	81404.520678	0.022077	0.018753	0.000000	0.018753	15, 5L	
059003.000445	82082.710773	0.028333	0.026187	0.000000	0.026187	11, 4L, 3D	
059003.000633	82084.012301	0.036167	0.024055	0.000000	0.024055	9, 5L, 1D	
059003.000293	82492.451218	0.030052	0.022403	0.000000	0.022403	9, 3L	
059003.000294	83025.861204	0.021478	0.020105	0.000000	0.020105	9, 2L	
059003.000641	83426.137195	0.025025	0.024949	0.000000	0.024949	7, 2L, 2D	
059003.000295	83426.549154	0.025869	0.022091	0.000000	0.022091	10, 4L, 4D	
059003.000296	83607.376869	0.025029	0.022551	0.000000	0.022551	15, 2L, 2D	
059003.000297	83703.506244	0.026434	0.024913	0.000000	0.024913	11, 1L	
059003.000446	84150.646934	0.072089	0.073372	0.000000	0.073372	7, 3L, 3D	
059003.000298	84270.528262	0.027491	0.026288	0.000000	0.026288	8, 2L, 2D	
059003.000447	84409.848852	0.021540	0.020196	0.000000	0.020196	11, 4L, 2D	
059003.000299	84410.687100	0.020561	0.019749	0.000000	0.019749	17, 2L, 2D	
059003.000300	84429.950587	0.032477	0.029463	0.000000	0.029463	7	
059003.000654	84588.618671	0.029324	0.022267	0.000000	0.022267	11, 3L, 4D	
059003.000643	84592.005217	0.028776	0.023591	0.000000	0.023591	9, 1L	
059003.000448	84690.269741	0.069186	0.046873	0.000000	0.046873	15, 9L, 5D	
059003.000449	84804.034667	0.022074	0.018655	0.000000	0.018655	13, 4L, 1D	
059003.000665	84915.050940	0.080010	0.054766	0.000000	0.054766	9, 4L, 3D	
059003.000301	84992.064850	0.044465	0.033338	0.000000	0.033338	8, 2L, 4D	
059003.000656	85186.696432	0.035348	0.025009	0.000000	0.025009	10, 4L, 4D	
059003.000302	85306.115510	0.022164	0.021987	0.000000	0.021987	11, 4L, 2D	
059003.000450	85982.055891	0.054795	0.061501	0.000000	0.061501	9, 3L, 2D	
059003.000676	86011.857395	0.073272	0.067186	0.000000	0.067186	9, 2L, 3D	
059003.000451	86390.588741	0.064443	0.042141	0.000000	0.042141	8, 3L	
059003.000452	86455.647983	0.069393	0.045566	0.000000	0.045566	11, 2L	
059003.000453	86938.440794	0.022566	0.023830	0.000000	0.023830	5, 1D	
059003.000303	87511.342123	0.033470	0.032418	0.000000	0.032418	18, 5L, 4D	
059003.000454	87726.866705	0.049531	0.046555	0.000000	0.046555	9, 3L, 2D	
059003.000660	87829.774177	0.059650	0.051849	0.000000	0.051849	10, 4L, 3D	
059003.000304	88210.071289	0.066850	0.058539	0.000000	0.058539	10, 4L, 5D	
059003.000305	88948.083577	0.053639	0.042415	0.000000	0.042415	15, 3L, 3D	
059003.000455	89970.134190	0.099116	0.089890	0.000000	0.089890	5, 1L, 1D	
059003.000657	90050.283647	0.063533	0.061244	0.000000	0.061244	8, 1L, 2D	
059003.000306	90120.140063	0.039358	0.044842	0.000000	0.044842	12, 2L, 2D	
059003.000658	90320.840580	0.038516	0.035446	0.000000	0.035446	15, 3L, 3D	
059003.000629	90481.230074	0.057271	0.057607	0.000000	0.057607	16, 5L, 5D	
059003.000307	90629.147115	0.039339	0.030597	0.000000	0.030597	18, 4L, 3D	
059003.000627	91197.990904	0.067521	0.047556	0.000000	0.047556	15, 6L, 4D	
059003.000626	92091.774927	0.050990	0.042969	0.000000	0.042969	15, 4L, 4D	
059003.000308	92441.640315	0.030040	0.028830	0.000000	0.028830	23, 5L, 1D	
059003.000309	92554.638358	0.047092	0.034526	0.000000	0.034526	17, 5L, 1D	
059003.000310	93296.140833	0.050741	0.044516	0.000000	0.044516	14, 3L, 2D	
059003.000311	93967.339246	0.040573	0.033503	0.000000	0.033503	19, 6L, 6D	
059003.000646	94876.484283	0.064062	0.042465	0.000000	0.042465	13, 4L, 3D	
059003.000659	95003.840824	0.056874	0.040620	0.000000	0.040620	13, 2L, 2D	
059003.000312	95147.685874	0.034725	0.030003	0.000000	0.030003	20, 5L, 2D	
059003.000313	96830.255030	0.060505	0.046450	0.000000	0.046450	19, 9L, 4D	
059003.000644	97740.087063	0.050843	0.041971	0.000000	0.041971	14, 3L, 3D	
059003.000456	99604.348308	0.051421	0.044409	0.000000	0.044409	8, 4L, 3D	
059003.000457	99939.318540	0.064025	0.046090	0.000000	0.046090	9, 4L, 2D	
059003.000541	100214.957093	0.017642	0.017930	0.000000	0.017930	12, 3L, 4D	
059003.000314	100321.187296	0.015077	0.015803	0.000000	0.015803	12	
059003.000315	100430.358286	0.015971	0.015476	0.000000	0.015476	12, 4L, 1D	
059003.000316	100625.045559	0.015635	0.018262	0.000000	0.018262	7, 1L, 1D	
059003.000317	100788.965716	0.014554	0.016580	0.000000	0.016580	11, 1L, 2D	
059003.000318	100947.146331	0.020269	0.020715	0.000000	0.020715	8, 1L, 2D	
059003.000319	101071.382247	0.021322	0.017621	0.000000	0.017621	7, 2L	
059003.000320	101165.303806	0.012386	0.014770	0.000000	0.014770	12, 2L, 2D	
059003.000321	101446.281468	0.013863	0.014443	0.000000	0.014443	12, 2L, 1D	
059003.000322	101665.528461	0.019970	0.025995	0.000000	0.025995	9, 1L, 3D	
059003.000323	101680.435415	0.016326	0.018748	0.000000	0.018748	8, 1L, 2D	
059003.000542	101777.955747	0.036821	0.041475	0.000000	0.041475	3, 1D	
059003.000324	102435.690230	0.015563	0.017117	0.000000	0.017117	14, 3L, 3D	
059003.000325	102484.565252	0.015911	0.018146	0.000000	0.018146	13, 3L, 6D	
059003.000326	102617.309449	0.015831	0.019114	0.000000	0.019114	11, 5L, 6D	
059003.000327	102830.439145	0.011516	0.014768	0.000000	0.014768	14, 3L, 5D	
059003.000328	102981.902407	0.013706	0.017633	0.000000	0.017633	12, 2L, 4D	
059003.000329	103308.519347	0.018760	0.020755	0.000000	0.020755	6, 1L	
059003.000330	103335.039731	0.021912	0.018333	0.000000	0.018333	9, 1L, 2D	
059003.000331	103344.304975	0.015503	0.014257	0.000000	0.014257	13, 4L, 3D	
059003.000332	103484.138990	0.032242	0.028610	0.000000	0.028610	6, 1L, 3D	
059003.000333	103805.402834	0.028791	0.023268	0.000000	0.023268	7, 1L	
059003.000334	103895.824531	0.017870	0.019710	0.000000	0.019710	8, 1L, 3D	
059003.000543	103973.349394	0.019890	0.023669	0.000000	0.023669	5, 1L, 3D	
059003.000335	104598.983338	0.020437	0.019167	0.000000	0.019167	10, 2L, 1D	
059003.000336	104788.565826	0.021154	0.019665	0.000000	0.019665	11, 1L, 2D	
059003.000337	104904.516082	0.014514	0.016505	0.000000	0.016505	8	
059003.000338	105019.038472	0.012699	0.015190	0.000000	0.015190	15, 3L, 5D	
059003.000339	105049.687306	0.010306	0.016433	0.000000	0.016433	11	
059003.000544	105190.915562	0.023173	0.024837	0.000000	0.024837	5	
059003.000545	105338.482244	0.022813	0.031063	0.000000	0.031063	5, 3L, 5D	
059003.000340	105450.146931	0.019140	0.019243	0.000000	0.019243	7, 1D	
059003.000546	105485.220721	0.019988	0.026984	0.000000	0.026984	4, 1D	
059003.000547	105534.623349	0.028284	0.031757	0.000000	0.031757	3, 1L, 1D	
059003.000341	105566.586386	0.017238	0.021103	0.000000	0.021103	7, 1D	
059003.000342	105632.0903798	0.0099929	0.0148062	0.0000000	0.0148062	13	
059003.000548	106153.712813	0.021045	0.018303	0.000000	0.018303	7, 1L	
059003.000549	106224.169349	0.017300	0.018864	0.000000	0.018864	8, 1L, 1D	
059003.000550	106306.473792	0.039559	0.039201	0.000000	0.039201	5, 1L, 3D	
059003.000551	106384.459067	0.026365	0.026948	0.000000	0.026948	3, 1D	
059003.000552	106394.119158	0.013903	0.020535	0.000000	0.020535	9, 3L, 1D	
059003.000553	106468.342603	0.029346	0.031095	0.000000	0.031095	2	
059003.000343	106665.117105	0.024402	0.025483	0.000000	0.025483	6, 1L, 2D	
059003.000344	106745.541406	0.025481	0.024821	0.000000	0.024821	5, 2D	
059003.000345	107081.971747	0.020242	0.019562	0.000000	0.019562	8, 1L	
059003.000554	107177.833818	0.029353	0.021150	0.000000	0.021150	7, 4L, 1D	
059003.000555	107223.117705	0.022248	0.025662	0.000000	0.025662	6, 1L, 1D	
059003.000556	107262.704077	0.033559	0.031575	0.000000	0.031575	5, 2L, 2D	
059003.000346	107299.013623	0.025852	0.019201	0.000000	0.019201	8, 2L, 2D	
059003.000557	107403.921614	0.023099	0.019815	0.000000	0.019815	5, 3L	
059003.000558	107697.024444	0.021612	0.020190	0.000000	0.020190	8, 2L, 2D	
059003.000669	107755.250064	0.014880	0.018428	0.000000	0.018428	12, 3L, 5D	
059003.000347	107854.418997	0.023091	0.019367	0.000000	0.019367	12, 6L, 5D	
059003.000559	107978.513016	0.020338	0.021309	0.000000	0.021309	5, 1L	
059003.000625	108117.194100	0.035125	0.024710	0.000000	0.024710	5, 1L	
059003.000348	108559.416369	0.021417	0.018051	0.000000	0.018051	10, 5L, 1D	
059003.000560	108573.982902	0.026709	0.022196	0.000000	0.022196	8, 3L, 1D	
059003.000349	110295.413088	0.021119	0.030951	0.000000	0.030951	12, 3L, 4D	
059003.000350	110333.571956	0.020013	0.027800	0.000000	0.027800	16, 2L, 5D	
059003.000351	110531.160570	0.025948	0.038369	0.000000	0.038369	7, 3D	
059003.000671	110846.080663	0.016296	0.026103	0.000000	0.026103	8, 3L, 3D	
059003.000352	110881.090093	0.017886	0.027549	0.000000	0.027549	22, 6L, 7D	
059003.000353	110922.450691	0.023419	0.030462	0.000000	0.030462	19, 5L, 8D	
059003.000673	111073.126805	0.027387	0.026202	0.000000	0.026202	5, 2L, 2D	
059003.000354	111110.151041	0.019538	0.024710	0.000000	0.024710	16, 3L, 5D	
059003.000562	111193.182764	0.034772	0.036350	0.000000	0.036350	2	
059003.000355	111268.529070	0.035540	0.048087	0.000000	0.048087	13, 2L, 4D	
059003.000356	111335.035529	0.016557	0.027787	0.000000	0.027787	12, 1L, 3D	
059003.000357	111342.442847	0.015157	0.024909	0.000000	0.024909	24, 3L, 8D	
059003.000358	111494.546534	0.014023	0.025411	0.000000	0.025411	19, 3L, 3D	
059003.000458	111518.402965	0.012662	0.017175	0.000000	0.017175	10, 1D	
059003.000668	111600.498703	0.022050	0.027468	0.000000	0.027468	6, 3L, 3D	
059003.000459	111728.868885	0.015649	0.020182	0.000000	0.020182	7, 1L, 1D	
059003.000460	111772.627850	0.022280	0.043891	0.000000	0.043891	10, 3L, 3D	
059003.000461	111779.087009	0.025193	0.056700	0.000000	0.056700	4, 1D	
059003.000462	111902.958125	0.032668	0.041120	0.000000	0.041120	10, 2L, 1D	
059003.000359	111992.980169	0.012885	0.019042	0.000000	0.019042	24, 5L, 4D	
059003.000360	112643.137812	0.014771	0.020463	0.000000	0.020463	17, 2L, 3D	
059003.000361	112769.730203	0.013269	0.019558	0.000000	0.019558	18, 3L, 4D	
059003.000463	112837.469536	0.015468	0.018776	0.000000	0.018776	8	
059003.000362	112896.207882	0.024668	0.054662	0.000000	0.054662	11	
059003.000363	113023.551271	0.026356	0.060528	0.000000	0.060528	5, 1L, 1D	
059003.000464	113064.714344	0.012997	0.016960	0.000000	0.016960	11, 2L, 2D	
059003.000364	113158.586664	0.013124	0.017241	0.000000	0.017241	26, 11L, 9D	
059003.000465	113211.680251	0.011710	0.017569	0.000000	0.017569	13, 5L, 5D	
059003.000466	113225.681691	0.017330	0.017251	0.000000	0.017251	8, 3L, 2D	
059003.000365	113291.708307	0.019050	0.021764	0.000000	0.021764	27, 4L, 10D	
059003.000366	113556.801850	0.020392	0.034203	0.000000	0.034203	15, 2L, 2D	
059003.000367	113600.195681	0.018867	0.017164	0.000000	0.017164	22, 4L, 5D	
059003.000368	113630.901396	0.012877	0.018315	0.000000	0.018315	16, 3L, 4D	
059003.000369	113664.581849	0.012709	0.015281	0.000000	0.015281	19, 3L, 4D	
059003.000370	113780.324662	0.012340	0.016890	0.000000	0.016890	25, 3L, 3D	
059003.000371	113823.085139	0.024966	0.043679	0.000000	0.043679	9, 2L, 3D	
059003.000372	113833.812812	0.026471	0.066186	0.000000	0.066186	7, 2L, 1D	
059003.000563	113854.580568	0.039570	0.039147	0.000000	0.039147	9, 6L, 3D	
059003.000467	113854.869957	0.013253	0.018374	0.000000	0.018374	14, 1L, 3D	
059003.000468	113894.708888	0.016096	0.018480	0.000000	0.018480	22, 9L, 4D	
059003.000373	113914.033777	0.040326	0.036853	0.000000	0.036853	19, 2L, 3D	
059003.000374	114725.626152	0.017529	0.029814	0.000000	0.029814	8, 1L, 2D	
059003.000375	114797.083557	0.014070	0.018265	0.000000	0.018265	19, 3L, 3D	
059003.000376	114971.018284	0.092550	0.157263	0.000000	0.157263	2, 1L, 1D	
059003.000469	115094.070801	0.011938	0.017450	0.000000	0.017450	12, 4L, 4D	
059003.000470	115176.165547	0.012468	0.015231	0.000000	0.015231	13, 1L, 3D	
059003.000471	115218.714369	0.014981	0.020894	0.000000	0.020894	12, 1L, 4D	
059003.000377	115324.421228	0.018589	0.024014	0.000000	0.024014	21, 7L, 6D	
059003.000378	115403.187533	0.019963	0.023212	0.000000	0.023212	21, 9L, 7D	
059003.000379	115408.418420	0.011462	0.016557	0.000000	0.016557	20, 1L, 4D	
059003.000380	115420.836214	0.023867	0.024532	0.000000	0.024532	21, 6L, 5D	
059003.000564	115439.663420	0.060073	0.058306	0.000000	0.058306	4, 1L, 2D	
059003.000472	115489.808574	0.011636	0.017698	0.000000	0.017698	11, 2L, 3D	
059003.000381	115499.598639	0.026540	0.026410	0.000000	0.026410	24, 10L, 5D	
059003.000382	115670.039825	0.044571	0.042964	0.000000	0.042964	9, 2L, 3D	
059003.000383	115672.244502	0.011332	0.017427	0.000000	0.017427	16, 2L, 3D	
059003.000473	115711.98056	0.13373	0.19314	0.00000	0.19314	5, 2L, 3D	
059003.000384	115799.942658	0.068941	0.036460	0.000000	0.036460	20, 8L, 5D	
059003.000474	115881.79315	0.12709	0.13539	0.00000	0.13539	7, 1L, 3D	
059003.000385	115933.105458	0.018443	0.021955	0.000000	0.021955	17, 3L, 3D	
059003.000475	115990.677896	0.096933	0.097189	0.000000	0.097189	8, 3L, 3D	
059003.000386	116021.727330	0.019169	0.028594	0.000000	0.028594	20, 6L, 7D	
059003.000630	116074.999374	0.013306	0.017880	0.000000	0.017880	15, 3L, 3D	
059003.000476	116078.560703	0.011626	0.017453	0.000000	0.017453	17, 5L, 7D	
059003.000387	116238.855316	0.015750	0.019451	0.000000	0.019451	12, 1L, 4D	
059003.000388	116309.101194	0.015428	0.018590	0.000000	0.018590	23, 3L, 4D	
059003.000640	116327.437779	0.101830	0.069627	0.000000	0.069627	10, 2L, 2D	
059003.000389	116453.280694	0.085396	0.066057	0.000000	0.066057	18, 6L, 8D	
059003.000390	116489.772939	0.017871	0.028957	0.000000	0.028957	8, 2D	
059003.000624	116617.022212	0.029293	0.035616	0.000000	0.035616	13, 6L, 5D	
059003.000391	116727.140412	0.091322	0.087936	0.000000	0.087936	10, 2L, 5D	
059003.000477	116878.23549	0.10149	0.10106	0.00000	0.10106	10, 7L, 6D	
059003.000392	117044.487736	0.025728	0.038626	0.000000	0.038626	19, 6L, 8D	
059003.000393	117247.992407	0.025494	0.030317	0.000000	0.030317	10, 2L, 1D	
059003.000394	117323.086535	0.100320	0.096049	0.000000	0.096049	10, 2L, 4D	
059003.000478	117359.40478	0.21740	0.13397	0.00000	0.13397	3, 2L	
059003.000667	117369.428999	0.042478	0.043579	0.000000	0.043579	6, 1L, 1D	
059003.000479	117375.932969	0.013826	0.020186	0.000000	0.020186	11, 2L, 3D	
059003.000480	117385.066770	0.012886	0.017070	0.000000	0.017070	13, 1L, 1D	
059003.000481	117397.729665	0.010896	0.017086	0.000000	0.017086	15, 4L, 7D	
059003.000482	117507.878763	0.071159	0.063924	0.000000	0.063924	17, 5L, 6D	
059003.000395	117540.484285	0.074726	0.060720	0.000000	0.060720	11, 2L, 2D	
059003.000396	117574.491952	0.075159	0.078288	0.000000	0.078288	13, 3L, 4D	
059003.000398	117593.192374	0.076622	0.078243	0.000000	0.078243	12, 7L, 6D	
059003.000397	117647.204348	0.071256	0.064730	0.000000	0.064730	15, 3L, 6D	
059003.000483	117686.407042	0.077732	0.069933	0.000000	0.069933	13, 4L, 6D	
059003.000628	117712.650184	0.015122	0.018013	0.000000	0.018013	10, 2L, 2D	
059003.000399	117775.191247	0.013583	0.019861	0.000000	0.019861	14, 2L, 5D	
059003.000655	117889.276383	0.038778	0.036036	0.000000	0.036036	9, 3L, 1D	
059003.000400	118063.136875	0.016761	0.020026	0.000000	0.020026	8, 1L, 2D	
059003.000484	118069.01510	0.10285	0.12458	0.00000	0.12458	11, 8L, 9D	
059003.000401	118080.920400	0.105503	0.064760	0.000000	0.064760	17, 7L, 6D	
059003.000485	118201.415077	0.096532	0.090724	0.000000	0.090724	10, 1L, 5D	
059003.000402	118224.172644	0.099729	0.098306	0.000000	0.098306	8, 1L, 4D	
059003.000403	118271.562058	0.021016	0.023796	0.000000	0.023796	17, 6L, 5D	
059003.000675	118292.614381	0.060374	0.043061	0.000000	0.043061	7, 3L, 1D	
059003.000404	118318.442996	0.069353	0.059902	0.000000	0.059902	16, 4L, 6D	
059003.000405	118468.735887	0.067360	0.059607	0.000000	0.059607	16, 3L, 4D	
059003.000486	118588.723064	0.076727	0.104097	0.000000	0.104097	11, 5L, 7D	
059003.000406	118610.887762	0.016983	0.022416	0.000000	0.022416	14, 3L, 2D	
059003.000678	118670.045650	0.053780	0.066084	0.000000	0.066084	5, 3L, 2D	
059003.000487	118860.638285	0.017760	0.022887	0.000000	0.022887	16, 7L, 8D	
059003.000407	118879.022136	0.046892	0.037614	0.000000	0.037614	17, 8L, 7D	
059003.000488	118884.866687	0.036517	0.041931	0.000000	0.041931	16, 6L, 10D	
059003.000565	118967.528430	0.028294	0.030727	0.000000	0.030727	9, 3D	
059003.000489	118987.146479	0.080195	0.070614	0.000000	0.070614	14, 5L, 6D	
059003.000490	119019.176635	0.110827	0.088038	0.000000	0.088038	7, 4L, 2D	
059003.000491	119077.49625	0.14266	0.12008	0.00000	0.12008	5, 1L, 1D	
059003.000672	119498.580169	0.046068	0.039611	0.000000	0.039611	7, 4L, 2D	
059003.000650	119552.685132	0.040560	0.028888	0.000000	0.028888	9, 3L, 1D	
059003.000634	119809.291884	0.014235	0.021686	0.000000	0.021686	8, 1L, 3D	
059003.000635	119998.495109	0.013211	0.019008	0.000000	0.019008	13, 4L, 7D	
059003.000681	120014.895429	0.050389	0.043232	0.000000	0.043232	7	
059003.000408	120498.73840	0.11669	0.12808	0.00000	0.12808	8, 3L, 5D	
059003.000492	120715.541919	0.095446	0.097568	0.000000	0.097568	6, 1L, 1D	
059003.000684	120805.170277	0.046681	0.036580	0.000000	0.036580	9, 3L, 1D	
059003.000409	121095.266655	0.084043	0.088852	0.000000	0.088852	9, 2L, 4D	
059003.000410	121119.326982	0.024889	0.026479	0.000000	0.026479	9, 3L, 2D	
059003.000566	121143.589357	0.087571	0.049526	0.000000	0.049526	4, 2L	
059003.000411	121382.486477	0.077041	0.073298	0.000000	0.073298	18, 4L, 8D	
059003.000493	121413.04020	0.11353	0.11577	0.00000	0.11577	15, 12L, 11D	
059003.000412	121431.170301	0.074060	0.072069	0.000000	0.072069	11, 1L, 3D	
059003.000413	121532.656000	0.021915	0.031797	0.000000	0.031797	15, 4L, 5D	
059003.000495	121582.99331	0.19420	0.13185	0.00000	0.13185	6, 2L, 1D	
059003.000670	121655.472616	0.035312	0.035201	0.000000	0.035201	6, 2L, 1D	
059003.000494	121673.08329	0.17160	0.10733	0.00000	0.10733	6, 4L, 1D	
059003.000496	122141.729073	0.028194	0.048237	0.000000	0.048237	10, 4L, 3D	
059003.000567	122932.808047	0.082386	0.057747	0.000000	0.057747	5, 2L	
059003.000680	122956.002736	0.033042	0.032785	0.000000	0.032785	4	
059003.000679	123577.395072	0.047892	0.043303	0.000000	0.043303	8, 1L, 1D	
059003.000568	124594.523923	0.052034	0.066583	0.000000	0.066583	3, 1L, 2D	
059003.000569	125145.342437	0.103075	0.068201	0.000000	0.068201	3, 1L	
059003.000570	126743.239757	0.064885	0.043745	0.000000	0.043745	7, 2L	
059003.000683	127453.452953	0.036309	0.033390	0.000000	0.033390	7	
059003.000414	128214.22872	0.11022	0.13477	0.00000	0.13477	5, 1L, 2D	
059003.000415	128352.83362	0.10666	0.12650	0.00000	0.12650	6, 1L, 4D	
059003.000416	128381.72562	0.11766	0.12665	0.00000	0.12665	5, 1L, 2D	
059003.000417	128453.165568	0.131690	0.095280	0.000000	0.095280	9, 3L, 4D	
059003.000497	128479.27814	0.15570	0.12072	0.00000	0.12072	5, 2L, 3D	
059003.000418	128568.589789	0.110339	0.082991	0.000000	0.082991	9, 4L, 2D	
059003.000498	128800.12750	0.13209	0.11421	0.00000	0.11421	5, 1D	
059003.000499	128912.949632	0.084696	0.090113	0.000000	0.090113	7, 2L, 2D	
059003.000571	129009.183798	0.032710	0.033002	0.000000	0.033002	6, 1L, 2D	
059003.000419	129106.014885	0.031377	0.031114	0.000000	0.031114	7, 1L	
059003.000572	129185.692293	0.031933	0.029585	0.000000	0.029585	4, 2L, 1D	
059003.000651	129454.459134	0.019827	0.021357	0.000000	0.021357	5, 1L	
059003.000649	129498.054588	0.031878	0.041313	0.000000	0.041313	4, 1L, 1D	
059003.000573	129744.121240	0.021388	0.024524	0.000000	0.024524	6, 1L	
059003.000652	129877.097709	0.025187	0.030807	0.000000	0.030807	4	
059003.000574	129934.483955	0.022302	0.025444	0.000000	0.025444	7, 1L, 2D	
059003.000575	130218.720656	0.022017	0.030066	0.000000	0.030066	3, 1L, 1D	
059003.000420	131200.216080	0.020253	0.023315	0.000000	0.023315	10, 2L, 2D	
059003.000421	131226.047785	0.014594	0.017611	0.000000	0.017611	14, 4L, 1D	
059003.000648	131665.037797	0.040124	0.039881	0.000000	0.039881	5	
059003.000639	131776.366534	0.016185	0.022221	0.000000	0.022221	6, 1L, 2D	
059003.000576	131788.072694	0.031505	0.039372	0.000000	0.039372	5, 1D	
059003.000632	131910.537460	0.018577	0.021417	0.000000	0.021417	6, 1L	
059003.000577	132070.167928	0.033793	0.028685	0.000000	0.028685	5, 3L, 1D	
059003.000500	132415.47870	0.17591	0.11224	0.00000	0.11224	5, 2L, 1D	
059003.000501	132651.78552	0.12501	0.14828	0.00000	0.14828	6, 2L, 4D	
059003.000502	132783.40110	0.13880	0.13514	0.00000	0.13514	6, 3D	
059003.000503	132876.302840	0.146728	0.085379	0.000000	0.085379	8, 3L, 1D	
059003.000638	132903.073706	0.099541	0.106578	0.000000	0.106578	6, 2L, 2D	
059003.000623	132957.86989	0.10664	0.11033	0.00000	0.11033	7, 2L, 4D	
059003.000504	133037.66453	0.21485	0.14986	0.00000	0.14986	4, 2L, 2D	
059003.000424	133078.26625	0.15194	0.14807	0.00000	0.14807	5, 1L	
059003.000505	133150.90018	0.12072	0.12516	0.00000	0.12516	5, 3D	
059003.000422	133194.46540	0.21488	0.22710	0.00000	0.22710	2, 1L, 1D	
059003.000423	133242.38505	0.22200	0.22311	0.00000	0.22311	1	
059003.000506	133307.40238	0.13666	0.14623	0.00000	0.14623	3, 1L, 1D	
059003.000507	133370.484201	0.099298	0.091483	0.000000	0.091483	7, 2D	
059003.000425	133373.159155	0.029745	0.035413	0.000000	0.035413	5, 1L, 1D	
059003.000426	133392.957226	0.017026	0.024625	0.000000	0.024625	11, 4L, 3D	
059003.000427	133503.697117	0.018032	0.021676	0.000000	0.021676	12, 1L, 1D	
059003.000508	133511.52146	0.10471	0.13451	0.00000	0.13451	8, 7D	
059003.000509	133566.63461	0.21420	0.21110	0.00000	0.21110	3	
059003.000510	133594.90260	0.12673	0.10043	0.00000	0.10043	6, 1L, 1D	
059003.000637	133624.31902	0.14967	0.10207	0.00000	0.10207	5, 2L, 1D	
059003.000511	133650.263581	0.034875	0.039050	0.000000	0.039050	3	
059003.000662	133945.379446	0.018992	0.023276	0.000000	0.023276	5, 2L, 1D	
059003.000512	134001.34576	0.23691	0.18401	0.00000	0.18401	5, 1L, 1D	
059003.000663	134004.070819	0.016330	0.020919	0.000000	0.020919	7, 2L, 3D	
059003.000514	134069.57106	0.17711	0.15623	0.00000	0.15623	5, 1L, 1D	
059003.000636	134074.311694	0.083173	0.073164	0.000000	0.073164	6, 2L, 2D	
059003.000516	134163.17169	0.14962	0.18813	0.00000	0.18813	5, 1L, 3D	
059003.000515	134163.32064	0.16349	0.17478	0.00000	0.17478	3, 1L, 3D	
059003.000517	134220.40515	0.13287	0.15265	0.00000	0.15265	6, 1L, 1D	
059003.000579	134402.210846	0.017542	0.025678	0.000000	0.025678	4	
059003.000580	134403.153353	0.022894	0.024523	0.000000	0.024523	6, 3L, 1D	
059003.000581	134405.516641	0.018058	0.026734	0.000000	0.026734	4, 2L, 2D	
059003.000578	134407.006696	0.016244	0.024244	0.000000	0.024244	5	
059003.000582	134426.006936	0.017932	0.026794	0.000000	0.026794	5, 2D	
059003.000666	134427.636498	0.016563	0.022957	0.000000	0.022957	4, 1D	
059003.000583	134428.859195	0.015415	0.030698	0.000000	0.030698	3	
059003.000584	134433.619468	0.016528	0.022529	0.000000	0.022529	4	
059003.000585	134454.279098	0.037652	0.051199	0.000000	0.051199	2	
059003.000586	134454.786041	0.017505	0.028105	0.000000	0.028105	2	
059003.000587	134480.113732	0.047270	0.057660	0.000000	0.057660	2	
059003.000588	134480.732376	0.018518	0.028135	0.000000	0.028135	4	
059003.000589	134488.462342	0.017935	0.048843	0.000000	0.048843	2, 1D	
059003.000590	134492.911570	0.027000	0.046917	0.000000	0.046917	1	
059003.000591	134496.297627	0.027000	0.057463	0.000000	0.057463	1, 1D	
059003.000518	134502.57936	0.20316	0.19146	0.00000	0.19146	4	
059003.000664	134696.623989	0.019080	0.021474	0.000000	0.021474	6, 1L	
059003.000519	134868.51858	0.16200	0.11058	0.00000	0.11058	5, 2L, 1D	
059003.000520	134932.23087	0.16192	0.12499	0.00000	0.12499	5, 2L, 1D	
059003.000428	135445.117870	0.054575	0.051226	0.000000	0.051226	9, 4D	
059003.000429	135868.598079	0.022514	0.025912	0.000000	0.025912	9, 1L, 2D	
059003.000521	135896.729154	0.058423	0.131916	0.000000	0.131916	3, 1D	
059003.000522	135926.95049	0.24462	0.20623	0.00000	0.20623	3	
059003.000677	136033.578593	0.169678	0.075927	0.000000	0.075927	5, 3L	
059003.000523	136034.203241	0.033605	0.037674	0.000000	0.037674	5	
059003.000524	136111.04778	0.24878	0.24917	0.00000	0.24917	3, 1D	
059003.000525	136326.34419	0.16455	0.14551	0.00000	0.14551	3, 1D	
059003.000526	136434.98812	0.14009	0.13372	0.00000	0.13372	4, 1L, 1D	
059003.000527	136485.34084	0.21785	0.15206	0.00000	0.15206	6, 3L, 1D	
059003.000592	136555.053008	0.020307	0.025306	0.000000	0.025306	2	
059003.000593	136555.544367	0.015968	0.020174	0.000000	0.020174	5, 1L, 1D	
059003.000594	136558.092684	0.018922	0.021425	0.000000	0.021425	5, 1L	
059003.000595	136559.682112	0.017774	0.020897	0.000000	0.020897	3	
059003.000596	136570.868311	0.016669	0.016514	0.000000	0.016514	6, 2L	
059003.000597	136572.242029	0.016554	0.018179	0.000000	0.018179	7, 2L, 1D	
059003.000598	136589.346895	0.019033	0.058030	0.000000	0.058030	2	
059003.000599	136589.540200	0.015561	0.022407	0.000000	0.022407	3, 1L, 1D	
059003.000601	136596.681777	0.017338	0.018661	0.000000	0.018661	5, 2L	
059003.000528	136606.85923	0.19275	0.15618	0.00000	0.15618	4	
059003.000602	136620.023746	0.026332	0.043534	0.000000	0.043534	4, 2L, 2D	
059003.000600	136638.484789	0.018499	0.021286	0.000000	0.021286	3	
059003.000603	136641.758542	0.058897	0.040652	0.000000	0.040652	2, 2L	
059003.000529	136643.47664	0.30015	0.30032	0.00000	0.30032	2	
059003.000605	136649.476271	0.027000	0.066277	0.000000	0.066277	1	
059003.000606	136650.833219	0.025695	0.067126	0.000000	0.067126	2	
059003.000604	136728.734423	0.018003	0.039046	0.000000	0.039046	3	
059003.000661	136902.699187	0.016913	0.023248	0.000000	0.023248	7, 1L, 2D	
059003.000530	137960.631216	0.033620	0.037224	0.000000	0.037224	4	
059003.000531	138035.220071	0.075935	0.185821	0.000000	0.185821	4, 2L, 1D	
059003.000532	138077.927777	0.032972	0.042389	0.000000	0.042389	2	
059003.000533	138342.73580	0.21166	0.21126	0.00000	0.21126	3	
059003.000534	138410.80966	0.31583	0.17762	0.00000	0.17762	4, 2L	
059003.000535	138445.56536	0.24803	0.19856	0.00000	0.19856	3	
059003.000608	138787.956001	0.013891	0.019167	0.000000	0.019167	5	
059003.000607	138788.572828	0.011361	0.016660	0.000000	0.016660	7, 1L, 1D	
059003.000609	138794.596630	0.013992	0.019911	0.000000	0.019911	4	
059003.000610	138796.517738	0.016785	0.025152	0.000000	0.025152	4, 1D	
059003.000611	138799.403877	0.021177	0.021666	0.000000	0.021666	4, 1L, 1D	
059003.000612	138799.897827	0.015113	0.020600	0.000000	0.020600	5, 1L, 1D	
059003.000613	138822.204382	0.015683	0.030750	0.000000	0.030750	4, 3L, 3D	
059003.000614	138822.414184	0.017097	0.025951	0.000000	0.025951	5, 2L, 2D	
059003.000615	138827.733269	0.025269	0.039360	0.000000	0.039360	2, 1L, 1D	
059003.000616	138833.582939	0.023412	0.055204	0.000000	0.055204	2, 1L, 1D	
059003.000536	138839.99627	0.24048	0.31397	0.00000	0.31397	3, 1L, 1D	
059003.000617	138871.080065	0.027949	0.025142	0.000000	0.025142	4, 1L, 1D	
059003.000618	138874.883608	0.018032	0.025331	0.000000	0.025331	4	
059003.000619	138883.749020	0.026660	0.030054	0.000000	0.030054	3, 1L	
059003.000620	138889.086284	0.027000	0.159564	0.000000	0.159564	1	
059003.000621	138895.956216	0.028735	0.036605	0.000000	0.036605	3, 1L	
059003.000537	138900.45811	0.20242	0.20004	0.00000	0.20004	3	
059003.000538	139081.538713	0.034324	0.038901	0.000000	0.038901	4	
059003.000682	141110.38416	0.23683	0.17550	0.00000	0.17550	5, 3L, 1D	
059003.000622	141440.820005	0.017826	0.024907	0.000000	0.024907	2	
