# wavelength stretches where the observed line list is thinner than its surroundings.
# produced by tools/coverage_map.py; coverage below 0.50; leak-through 0.2260, blocked fraction 0.1344, mean run 142.7 bins
# lam_lo   lam_hi    width  expected  observed  lost  c_min  c_mean
  821.942   827.881    5.939      48.6         9    38.6   0.000   0.075
  887.732   966.489   78.757     130.4        24   104.2   0.000   0.030
 1164.294  1174.819   10.526      24.4         7    13.5   0.154   0.233
 1522.745  1663.817  141.072     206.2        25   179.9   0.000   0.011
 2103.315  2190.905   87.590     271.2        71   198.8   0.000   0.009
 2781.289  2808.680   27.391      41.5        15    22.6   0.022   0.178
 3211.424  3256.049   44.625      32.3         9    19.9   0.037   0.142
 4935.799  5067.839  132.040      19.0         3    13.8   0.027   0.132
 8755.784  9033.270  277.487      32.4        10    20.0   0.018   0.119
10446.996 10720.036  273.040       8.0         1     5.9   0.106   0.260
