Designation	Energy	D1	D2stat	D2sys	D2tot	N_lines	Comments
059003.000001	0.0000	0.0038	0.0000	0.0000	0.0000	22, 10L, 2D	fixed by user
059003.000031	1398.3437	0.0035	0.0036	0.0000	0.0036	21, 6L, 1D	
059003.000032	2893.1417	0.0027	0.0043	0.0000	0.0043	20, 4L, 2D	
059003.000033	4453.7575	0.0036	0.0062	0.0000	0.0062	13, 1L, 1D	
059003.000034	9370.6534	0.0022	0.0057	0.0000	0.0057	15, 2L, 2D	
059003.000035	10032.9224	0.0036	0.0051	0.0000	0.0051	22, 9L, 2D	
059003.000036	10138.1728	0.0017	0.0050	0.0000	0.0050	26, 7L, 2D	
059003.000037	10859.0560	0.0021	0.0048	0.0000	0.0048	25, 12L	
059003.000038	10950.2433	0.0022	0.0055	0.0000	0.0055	17, 6L	
059003.000039	11761.6900	0.0031	0.0050	0.0000	0.0050	20, 10L, 2D	
059003.000040	12494.6277	0.0038	0.0053	0.0000	0.0053	16, 8L, 2D	
059003.000041	12846.6627	0.0067	0.0048	0.0000	0.0048	47, 13L, 6D	
059003.000042	13352.1005	0.0052	0.0049	0.0000	0.0049	31, 5L, 10D	
059003.000043	13887.5973	0.0038	0.0052	0.0000	0.0052	22, 9L, 3D	
059003.000044	14187.3330	0.0028	0.0074	0.0000	0.0074	12, 2L, 1D	
059003.000045	14558.8215	0.0102	0.0043	0.0000	0.0043	49, 10L, 6D	
059003.000046	14859.9779	0.0047	0.0046	0.0000	0.0046	59, 14L, 6D	
059003.000047	15045.850	0.033	0.022	0.000	0.022	32, 12L, 12D	
059003.000048	15443.4775	0.0042	0.0052	0.0000	0.0052	13, 7L, 2D	
059003.000049	15454.1704	0.0059	0.0062	0.0000	0.0062	28, 4L, 7D	
059003.000050	15525.5014	0.0056	0.0043	0.0000	0.0043	47, 12L, 7D	
059003.000051	15705.1310	0.0023	0.0051	0.0000	0.0051	15, 3L, 1D	
059003.000052	16089.1243	0.0058	0.0056	0.0000	0.0056	12, 7L	
059003.000053	16135.9550	0.0095	0.0075	0.0000	0.0075	42, 8L, 8D	
059003.000054	16516.143	0.011	0.014	0.000	0.014	41, 8L, 10D	
059003.000055	16763.9790	0.0041	0.0057	0.0000	0.0057	12, 5L, 1D	
059003.000056	17095.6348	0.0032	0.0063	0.0000	0.0063	9, 1L	
059003.000057	17113.1887	0.0051	0.0057	0.0000	0.0057	36, 6L, 8D	
059003.000058	17409.571	0.015	0.010	0.000	0.010	9, 5L	
059003.000059	17534.7565	0.0065	0.0071	0.0000	0.0071	20, 1D	
059003.000060	17626.9939	0.0138	0.0060	0.0000	0.0060	51, 12L, 11D	
059003.000061	17642.0455	0.0085	0.0072	0.0000	0.0072	7, 5L	
059003.000062	18063.3741	0.0129	0.0080	0.0000	0.0080	53, 6L, 13D	
059003.000063	18211.7919	0.0054	0.0083	0.0000	0.0083	46, 9L, 7D	
059003.000064	18241.5420	0.0049	0.0054	0.0000	0.0054	69, 11L, 13D	
059003.000065	18693.6325	0.0105	0.0076	0.0000	0.0076	9, 2L	
059003.000066	18921.2426	0.0053	0.0069	0.0000	0.0069	25, 6L, 6D	
059003.000067	18990.0771	0.0109	0.0098	0.0000	0.0098	26, 9L, 9D	
059003.000068	19046.0944	0.0084	0.0075	0.0000	0.0075	12, 1L	
059003.000069	19308.9361	0.0110	0.0086	0.0000	0.0086	47, 6L, 9D	
059003.000070	19360.0959	0.0049	0.0062	0.0000	0.0062	43, 6L, 6D	
059003.000071	19649.6677	0.0070	0.0094	0.0000	0.0094	9	
059003.000072	19700.9071	0.0061	0.0068	0.0000	0.0068	53, 9L, 13D	
059003.000073	19872.4265	0.0041	0.0054	0.0000	0.0054	64, 22L, 5D	
059003.000539	20096.7044	0.0030	0.0065	0.0000	0.0065	5, 1L, 1D	
059003.000074	20160.3548	0.0090	0.0085	0.0000	0.0085	17, 3L, 3D	
059003.000075	20315.6495	0.0104	0.0076	0.0000	0.0076	32, 11L, 11D	
059003.000076	20848.3752	0.0033	0.0058	0.0000	0.0058	40, 12L, 12D	
059003.000077	20856.8468	0.0053	0.0067	0.0000	0.0067	8, 3L, 1D	
059003.000078	21148.4290	0.0030	0.0062	0.0000	0.0062	24, 8L, 7D	
059003.000079	21238.7854	0.0138	0.0093	0.0000	0.0093	39, 5L, 7D	
059003.000080	21294.8865	0.0024	0.0052	0.0000	0.0052	62, 18L, 16D	
059003.000081	21418.8320	0.0025	0.0056	0.0000	0.0056	32, 2L, 7D	
059003.000082	21535.1618	0.0031	0.0053	0.0000	0.0053	68, 20L, 17D	
059003.000540	21598.5813	0.0039	0.0061	0.0000	0.0061	9, 2L, 3D	
059003.000083	21611.1778	0.0031	0.0058	0.0000	0.0058	47, 11L, 9D	
059003.000084	21755.8394	0.0114	0.0070	0.0000	0.0070	31, 8L, 6D	
059003.000085	22080.9411	0.0031	0.0054	0.0000	0.0054	50, 11L, 12D	
059003.000086	22277.6615	0.0111	0.0086	0.0000	0.0086	26, 8L, 5D	
059003.000087	22527.7021	0.0051	0.0061	0.0000	0.0061	53, 12L, 11D	
059003.000088	22747.6762	0.0048	0.0058	0.0000	0.0058	55, 11L, 10D	
059003.000089	23050.6161	0.0057	0.0066	0.0000	0.0066	23, 2L, 7D	
059003.000090	23091.6910	0.0058	0.0068	0.0000	0.0068	11, 4L, 3D	
059003.000091	23175.0867	0.0086	0.0086	0.0000	0.0086	37, 9L, 11D	
059003.000092	23245.9876	0.0029	0.0068	0.0000	0.0068	11, 1L	
059003.000093	23442.2491	0.0045	0.0059	0.0000	0.0059	51, 14L, 6D	
059003.000094	23465.416	0.060	0.049	0.000	0.049	4	
059003.000095	23532.8651	0.0037	0.0059	0.0000	0.0059	45, 6L, 7D	
059003.000096	23647.767	0.010	0.010	0.000	0.010	44, 12L, 10D	
059003.000097	23651.8844	0.0051	0.0056	0.0000	0.0056	61, 17L, 9D	
059003.000098	23751.5458	0.0088	0.0057	0.0000	0.0057	30, 6L, 7D	
059003.000099	23844.5758	0.0075	0.0054	0.0000	0.0054	68, 17L, 16D	
059003.000100	23955.3090	0.0060	0.0083	0.0000	0.0083	7, 2L	
059003.000101	24250.6135	0.0057	0.0073	0.0000	0.0073	23, 6L, 4D	
059003.000102	24309.1934	0.0031	0.0075	0.0000	0.0075	25, 5L, 6D	
059003.000103	24357.9681	0.0031	0.0057	0.0000	0.0057	12, 2L, 1D	
059003.000104	24461.2238	0.0047	0.0058	0.0000	0.0058	47, 13L, 9D	
059003.000105	24470.8907	0.0072	0.0058	0.0000	0.0058	44, 12L, 8D	
059003.000106	24788.0247	0.0051	0.0057	0.0000	0.0057	55, 10L, 12D	
059003.000107	24886.5250	0.0054	0.0074	0.0000	0.0074	7, 2L	
059003.000108	25033.9101	0.0033	0.0052	0.0000	0.0052	59, 12L, 12D	
059003.000109	25244.6334	0.0048	0.0067	0.0000	0.0067	5, 1L	
059003.000110	25391.7419	0.0046	0.0062	0.0000	0.0062	7, 2L	
059003.000111	25409.7374	0.0033	0.0050	0.0000	0.0050	61, 17L, 8D	
059003.000112	25934.9707	0.0045	0.0053	0.0000	0.0053	47, 17L, 7D	
059003.000113	25979.324	0.017	0.014	0.000	0.014	24, 4L, 3D	
059003.000114	26095.2192	0.0075	0.0060	0.0000	0.0060	48, 14L, 13D	
059003.000115	26446.9621	0.0030	0.0051	0.0000	0.0051	56, 9L, 10D	
059003.000116	26447.8886	0.0047	0.0071	0.0000	0.0071	4, 1L	
059003.000117	26921.4713	0.0068	0.0075	0.0000	0.0075	9, 1L, 1D	
059003.000118	26979.714	0.014	0.015	0.000	0.015	2, 1L, 1D	
059003.000119	27138.5477	0.0050	0.0057	0.0000	0.0057	55, 9L, 10D	
059003.000120	27380.2936	0.0058	0.0056	0.0000	0.0056	45, 16L, 5D	
059003.000121	27452.4502	0.0029	0.0062	0.0000	0.0062	35, 8L, 9D	
059003.000122	27597.1206	0.0083	0.0081	0.0000	0.0081	9, 3L	
059003.000123	27604.2615	0.0040	0.0053	0.0000	0.0053	57, 15L, 12D	
059003.000124	28101.7794	0.0030	0.0059	0.0000	0.0059	10, 2L	
059003.000125	28399.422	0.045	0.033	0.000	0.033	14, 3L, 4D	
059003.000126	28720.7118	0.0092	0.0064	0.0000	0.0064	67, 24L, 8D	
059003.000127	28885.095	0.024	0.018	0.000	0.018	39, 16L, 3D	
059003.000128	28936.447	0.011	0.011	0.000	0.011	12, 1L, 2D	
059003.000129	29263.0658	0.0069	0.0067	0.0000	0.0067	37, 14L, 5D	
059003.000130	29267.8621	0.0060	0.0064	0.0000	0.0064	42, 17L, 4D	
059003.000131	29835.0834	0.0058	0.0063	0.0000	0.0063	52, 16L, 12D	
059003.000132	30505.6938	0.0067	0.0070	0.0000	0.0070	52, 11L, 4D	
059003.000430	30602.8478	0.0042	0.0078	0.0000	0.0078	7, 1L, 2D	
059003.000133	30733.519	0.028	0.021	0.000	0.021	25, 10L, 4D	
059003.000134	30994.578	0.028	0.022	0.000	0.022	31, 7L, 7D	
059003.000135	31254.7193	0.0056	0.0059	0.0000	0.0059	43, 16L, 8D	
059003.000136	31787.9139	0.0032	0.0060	0.0000	0.0060	5	
059003.000137	31803.6864	0.0093	0.0111	0.0000	0.0111	6, 1D	
059003.000138	32288.9089	0.0092	0.0083	0.0000	0.0083	13, 2L, 1D	
059003.000139	32760.123	0.034	0.024	0.000	0.024	19, 9L, 4D	
059003.000140	33338.355	0.029	0.025	0.000	0.025	12, 3L	
059003.000141	33466.387	0.015	0.012	0.000	0.012	26, 8L, 3D	
059003.000142	33659.999	0.021	0.013	0.000	0.013	26, 8L, 7D	
059003.000143	34198.5969	0.0088	0.0074	0.0000	0.0074	8, 2L	
059003.000144	34520.2679	0.0092	0.0066	0.0000	0.0066	39, 10L, 8D	
059003.000145	34825.475	0.022	0.012	0.000	0.012	23, 11L, 4D	
059003.000146	35024.4854	0.0097	0.0069	0.0000	0.0069	50, 7L, 7D	
059003.000147	35137.8216	0.0040	0.0076	0.0000	0.0076	16, 3L, 3D	
059003.000148	35290.973	0.017	0.012	0.000	0.012	29, 9L, 3D	
059003.000149	35384.182	0.025	0.025	0.000	0.025	27, 6L, 5D	
059003.000150	35801.142	0.025	0.012	0.000	0.012	33, 12L, 4D	
059003.000151	35828.4465	0.0063	0.0067	0.0000	0.0067	34, 11L, 5D	
059003.000152	35863.7373	0.0044	0.0074	0.0000	0.0074	20, 4L, 5D	
059003.000153	36640.3805	0.0069	0.0072	0.0000	0.0072	49, 11L, 12D	
059003.000154	36642.1066	0.0047	0.0062	0.0000	0.0062	40, 9L, 5D	
059003.000155	36652.2788	0.0112	0.0092	0.0000	0.0092	28, 10L, 4D	
059003.000156	36670.5587	0.0053	0.0066	0.0000	0.0066	28, 9L, 5D	
059003.000157	36683.2160	0.0118	0.0094	0.0000	0.0094	9, 4L, 2D	
059003.000158	37011.9170	0.0062	0.0070	0.0000	0.0070	31, 8L, 4D	
059003.000159	37197.6291	0.0065	0.0068	0.0000	0.0068	23, 8L, 2D	
059003.000160	37919.588	0.011	0.011	0.000	0.011	28, 9L, 7D	
059003.000161	38448.334	0.011	0.011	0.000	0.011	27, 5L, 7D	
059003.000162	38549.8907	0.0094	0.0073	0.0000	0.0073	13, 4L	
059003.000163	38694.4790	0.0053	0.0074	0.0000	0.0074	19, 9L, 4D	
059003.000164	38701.5881	0.0029	0.0057	0.0000	0.0057	30, 11L, 3D	
059003.000165	38726.518	0.031	0.025	0.000	0.025	24, 8L, 3D	
059003.000166	38785.7563	0.0048	0.0066	0.0000	0.0066	25, 5L, 9D	
059003.000167	39024.2644	0.0125	0.0074	0.0000	0.0074	28, 8L, 7D	
059003.000168	39120.4745	0.0067	0.0086	0.0000	0.0086	15, 1L	
059003.000169	39225.5976	0.0041	0.0053	0.0000	0.0053	9, 6L, 2D	
059003.000170	39485.459	0.015	0.013	0.000	0.013	4	
059003.000171	39726.0022	0.0055	0.0068	0.0000	0.0068	21, 4L, 1D	
059003.000172	39733.0012	0.0038	0.0061	0.0000	0.0061	37, 6L, 6D	
059003.000173	39870.2030	0.0054	0.0063	0.0000	0.0063	40, 13L, 10D	
059003.000174	39940.7308	0.0034	0.0053	0.0000	0.0053	12, 4L, 1D	
059003.000175	40098.6740	0.0085	0.0074	0.0000	0.0074	22, 8L, 2D	
059003.000176	40205.7464	0.0075	0.0074	0.0000	0.0074	21, 5L, 2D	
059003.000177	41023.9831	0.0075	0.0077	0.0000	0.0077	16, 3L, 3D	
059003.000178	41026.8651	0.0064	0.0088	0.0000	0.0088	7, 1L, 1D	
059003.000179	44679.9534	0.0047	0.0063	0.0000	0.0063	32, 13L, 5D	
059003.000180	44903.3779	0.0043	0.0062	0.0000	0.0062	36, 15L, 9D	
059003.000181	45805.9658	0.0102	0.0098	0.0000	0.0098	27, 5L, 3D	
059003.000182	45807.118	0.011	0.013	0.000	0.013	16, 7L, 2D	
059003.000183	45844.633	0.011	0.011	0.000	0.011	14, 2L	
059003.000184	46783.796	0.011	0.014	0.000	0.014	10, 2L, 1D	
059003.000185	48401.6321	0.0072	0.0084	0.0000	0.0084	16, 4L, 3D	
059003.000186	48745.4661	0.0075	0.0081	0.0000	0.0081	17, 5L	
059003.000187	50227.846	0.014	0.019	0.000	0.019	11, 2L, 1D	
059003.000188	50647.429	0.015	0.015	0.000	0.015	12, 4L, 3D	
059003.000189	50658.687	0.032	0.031	0.000	0.031	11, 3L, 2D	
059003.000190	50869.236	0.040	0.037	0.000	0.037	7, 2L	
059003.000191	51312.7881	0.0091	0.0183	0.0000	0.0183	5, 2L	
059003.000192	52026.913	0.021	0.024	0.000	0.024	11, 1L, 1D	
059003.000193	53092.7963	0.0132	0.0085	0.0000	0.0085	7, 2L	
059003.000194	58158.0588	0.0138	0.0094	0.0000	0.0094	37, 11L, 3D	
059003.000195	58174.160	0.016	0.012	0.000	0.012	33, 9L, 8D	
059003.000196	60166.1765	0.0064	0.0071	0.0000	0.0071	40, 10L, 4D	
059003.000197	60419.7107	0.0122	0.0084	0.0000	0.0084	42, 12L, 4D	
059003.000198	60520.320	0.018	0.010	0.000	0.010	25, 7L, 3D	
059003.000199	61357.0213	0.0107	0.0092	0.0000	0.0092	40, 7L, 5D	
059003.000200	61605.664	0.014	0.010	0.000	0.010	33, 6L, 2D	
059003.000201	61717.981	0.012	0.011	0.000	0.011	24, 4L, 4D	
059003.000202	62062.654	0.016	0.014	0.000	0.014	30, 4L, 9D	
059003.000203	62240.8150	0.0114	0.0087	0.0000	0.0087	43, 9L, 6D	
059003.000204	62535.625	0.014	0.013	0.000	0.013	16, 6L, 3D	
059003.000205	62558.6558	0.0109	0.0087	0.0000	0.0087	51, 11L, 5D	
059003.000206	62678.693	0.014	0.011	0.000	0.011	33, 9L, 1D	
059003.000207	63221.2695	0.0064	0.0084	0.0000	0.0084	23, 4L, 1D	
059003.000208	63232.1603	0.0145	0.0095	0.0000	0.0095	26, 7L, 6D	
059003.000209	63576.265	0.015	0.013	0.000	0.013	28, 9L, 3D	
059003.000210	63593.3419	0.0127	0.0096	0.0000	0.0096	39, 6L, 4D	
059003.000211	63768.660	0.012	0.010	0.000	0.010	47, 12L, 7D	
059003.000212	63816.8796	0.0105	0.0083	0.0000	0.0083	43, 11L, 4D	
059003.000213	64150.909	0.017	0.013	0.000	0.013	29, 11L, 5D	
059003.000214	64215.415	0.011	0.011	0.000	0.011	28, 2L, 4D	
059003.000215	64235.6247	0.0102	0.0095	0.0000	0.0095	34, 5L, 3D	
059003.000216	64401.0329	0.0114	0.0089	0.0000	0.0089	31, 8L	
059003.000217	64817.532	0.012	0.011	0.000	0.011	22, 1L, 3D	
059003.000218	64857.1361	0.0115	0.0091	0.0000	0.0091	44, 11L, 2D	
059003.000219	64865.1396	0.0112	0.0098	0.0000	0.0098	31, 9L, 5D	
059003.000220	64979.517	0.015	0.013	0.000	0.013	29, 9L, 6D	
059003.000431	65073.270	0.019	0.016	0.000	0.016	9, 3L	
059003.000221	65295.886	0.014	0.012	0.000	0.012	38, 8L, 5D	
059003.000432	65765.132	0.020	0.018	0.000	0.018	11, 2L, 2D	
059003.000222	65909.436	0.023	0.018	0.000	0.018	14, 1L	
059003.000223	65922.3960	0.0115	0.0096	0.0000	0.0096	43, 5L, 6D	
059003.000224	65935.212	0.013	0.013	0.000	0.013	30, 4L, 7D	
059003.000225	65967.118	0.021	0.015	0.000	0.015	18, 5L, 2D	
059003.000226	66148.352	0.012	0.011	0.000	0.011	30, 4L, 4D	
059003.000227	66301.313	0.031	0.022	0.000	0.022	15, 4L, 3D	
059003.000228	66324.877	0.043	0.026	0.000	0.026	6, 3L, 1D	
059003.000229	66681.128	0.010	0.013	0.000	0.013	30, 5L, 6D	
059003.000230	66735.843	0.014	0.012	0.000	0.012	28, 8L, 4D	
059003.000231	66852.8514	0.0147	0.0092	0.0000	0.0092	26, 9L, 2D	
059003.000232	66867.094	0.012	0.012	0.000	0.012	16, 3L, 4D	
059003.000233	66942.989	0.023	0.012	0.000	0.012	17, 3L, 1D	
059003.000234	67049.1607	0.0134	0.0093	0.0000	0.0093	40, 10L, 4D	
059003.000235	67240.330	0.017	0.013	0.000	0.013	32, 12L, 2D	
059003.000236	67395.2906	0.0106	0.0095	0.0000	0.0095	31, 3L, 4D	
059003.000237	67398.794	0.015	0.012	0.000	0.012	23, 5L, 4D	
059003.000238	67679.2081	0.0082	0.0087	0.0000	0.0087	33, 8L, 6D	
059003.000239	67870.731	0.018	0.015	0.000	0.015	34, 10L, 7D	
059003.000240	67965.441	0.017	0.013	0.000	0.013	19, 4L, 1D	
059003.000241	68238.096	0.025	0.022	0.000	0.022	17, 4L, 3D	
059003.000242	68305.213	0.039	0.026	0.000	0.026	9, 6L, 1D	
059003.000433	68331.670	0.011	0.011	0.000	0.011	27, 7L, 20D	
059003.000243	68331.7347	0.0069	0.0165	0.0000	0.0165	35, 10L, 18D	
059003.000244	68374.539	0.014	0.010	0.000	0.010	35, 10L, 2D	
059003.000245	68492.432	0.014	0.011	0.000	0.011	31, 4L, 4D	
059003.000246	68525.605	0.015	0.012	0.000	0.012	27, 5L, 2D	
059003.000247	68544.168	0.013	0.011	0.000	0.011	27, 6L, 4D	
059003.000434	68556.311	0.029	0.029	0.000	0.029	4, 1D	
059003.000435	68676.545	0.013	0.012	0.000	0.012	11, 3L, 1D	
059003.000248	68801.6498	0.0088	0.0096	0.0000	0.0096	36, 9L, 5D	
059003.000249	68978.534	0.011	0.010	0.000	0.010	24, 5L	
059003.000250	68987.046	0.014	0.011	0.000	0.011	32, 12L, 5D	
059003.000251	69138.2438	0.0096	0.0093	0.0000	0.0093	39, 10L, 3D	
059003.000252	69408.498	0.024	0.019	0.000	0.019	19, 2L, 3D	
059003.000253	69430.967	0.014	0.013	0.000	0.013	23, 3L, 1D	
059003.000254	69681.576	0.051	0.042	0.000	0.042	6, 1L	
059003.000255	69686.232	0.012	0.011	0.000	0.011	26, 7L, 2D	
059003.000256	69978.033	0.026	0.019	0.000	0.019	18, 6L, 2D	
059003.000257	70381.468	0.023	0.017	0.000	0.017	15, 3L	
059003.000258	71021.143	0.036	0.025	0.000	0.025	15, 3L, 3D	
059003.000259	71385.624	0.040	0.027	0.000	0.027	14, 3L, 4D	
059003.000260	71501.001	0.016	0.021	0.000	0.021	11, 2L, 2D	
059003.000261	71536.350	0.019	0.011	0.000	0.011	19, 2L, 1D	
059003.000262	71592.337	0.016	0.016	0.000	0.016	22, 3L, 4D	
059003.000263	71736.397	0.023	0.017	0.000	0.017	24, 7L, 4D	
059003.000264	71978.498	0.015	0.010	0.000	0.010	25, 14L	
059003.000265	71994.799	0.019	0.016	0.000	0.016	17, 3L, 3D	
059003.000266	73029.964	0.031	0.022	0.000	0.022	16, 5L, 2D	
059003.000267	73378.387	0.029	0.026	0.000	0.026	13, 3L, 3D	
059003.000268	73606.123	0.032	0.022	0.000	0.022	11, 5L, 1D	
059003.000269	73609.124	0.046	0.036	0.000	0.036	10, 2L	
059003.000270	74105.252	0.032	0.020	0.000	0.020	16, 6L, 3D	
059003.000271	74463.716	0.043	0.038	0.000	0.038	11, 2L, 3D	
059003.000436	74619.677	0.021	0.018	0.000	0.018	13, 2L, 2D	
059003.000437	74696.217	0.028	0.022	0.000	0.022	11, 4L, 3D	
059003.000272	75294.029	0.046	0.026	0.000	0.026	14, 4L	
059003.000273	75409.573	0.022	0.015	0.000	0.015	18, 6L, 2D	
059003.000274	75560.715	0.021	0.017	0.000	0.017	15, 3L, 3D	
059003.000275	75614.788	0.023	0.018	0.000	0.018	20, 8L, 2D	
059003.000276	75639.958	0.022	0.019	0.000	0.019	14, 3L, 1D	
059003.000277	75762.201	0.023	0.020	0.000	0.020	10, 3L, 1D	
059003.000438	75982.848	0.021	0.019	0.000	0.019	10, 4L, 2D	
059003.000439	76130.450	0.037	0.026	0.000	0.026	7, 3L, 1D	
059003.000440	76411.023	0.028	0.025	0.000	0.025	11, 4L, 4D	
059003.000441	76534.703	0.031	0.029	0.000	0.029	7, 2D	
059003.000278	76892.462	0.047	0.049	0.000	0.049	6, 1L, 2D	
059003.000442	76894.579	0.030	0.025	0.000	0.025	8, 1L	
059003.000279	77821.951	0.024	0.018	0.000	0.018	12, 5L, 1D	
059003.000280	78312.855	0.020	0.022	0.000	0.022	9, 1L, 2D	
059003.000281	78463.633	0.034	0.023	0.000	0.023	15, 4L, 1D	
059003.000282	78694.551	0.027	0.020	0.000	0.020	15, 4L, 2D	
059003.000283	78889.122	0.020	0.017	0.000	0.017	15, 4L	
059003.000284	79136.202	0.021	0.018	0.000	0.018	16, 7L, 3D	
059003.000285	79366.646	0.030	0.024	0.000	0.024	13, 2L, 1D	
059003.000443	79377.123	0.040	0.038	0.000	0.038	5	
059003.000444	79378.385	0.018	0.020	0.000	0.020	8, 1L	
059003.000286	79395.508	0.027	0.024	0.000	0.024	13, 2L, 1D	
059003.000287	79742.393	0.030	0.029	0.000	0.029	6	
059003.000288	80164.018	0.022	0.017	0.000	0.017	12, 4L	
059003.000289	80360.800	0.027	0.021	0.000	0.021	14, 4L, 2D	
059003.000290	80897.805	0.029	0.019	0.000	0.019	12, 5L	
059003.000291	80988.748	0.028	0.023	0.000	0.023	12, 3L, 1D	
059003.000292	81404.506	0.027	0.021	0.000	0.021	14, 4L	
059003.000445	82082.725	0.040	0.028	0.000	0.028	11, 4L, 2D	
059003.000293	82492.528	0.045	0.027	0.000	0.027	9, 4L	
059003.000294	83025.898	0.025	0.024	0.000	0.024	8	
059003.000295	83426.543	0.038	0.028	0.000	0.028	9, 5L, 2D	
059003.000296	83607.332	0.035	0.029	0.000	0.029	13, 4L, 2D	
059003.000297	83703.427	0.036	0.029	0.000	0.029	10, 3L, 1D	
059003.000446	84150.837	0.054	0.063	0.000	0.063	6, 1L, 1D	
059003.000447	84270.525	0.041	0.039	0.000	0.039	8, 4L, 3D	
059003.000298	84409.900	0.026	0.022	0.000	0.022	10	
059003.000299	84410.689	0.032	0.017	0.000	0.017	15, 8L, 2D	
059003.000300	84429.901	0.089	0.090	0.000	0.090	6, 1D	
059003.000448	84690.184	0.069	0.050	0.000	0.050	9, 2L, 2D	
059003.000449	84804.126	0.032	0.025	0.000	0.025	8, 1L, 1D	
059003.000301	84992.028	0.037	0.035	0.000	0.035	8, 1L, 2D	
059003.000302	85306.155	0.029	0.025	0.000	0.025	11, 4L, 2D	
059003.000450	85981.721	0.087	0.086	0.000	0.086	3, 1L, 1D	
059003.000451	86390.528	0.088	0.058	0.000	0.058	6, 3L, 1D	
059003.000452	86455.695	0.114	0.079	0.000	0.079	7, 2L	
059003.000453	86938.523	0.030	0.028	0.000	0.028	5	
059003.000303	87511.495	0.079	0.054	0.000	0.054	14, 5L, 4D	
059003.000454	87726.872	0.046	0.044	0.000	0.044	9, 6L, 3D	
059003.000304	88209.942	0.041	0.061	0.000	0.061	9, 4L, 3D	
059003.000305	88948.534	0.078	0.081	0.000	0.081	4, 1D	
059003.000455	89969.383	0.098	0.103	0.000	0.103	3, 1L	
059003.000306	90119.945	0.038	0.053	0.000	0.053	12, 4L, 1D	
059003.000307	90629.207	0.032	0.031	0.000	0.031	15, 2L, 3D	
059003.000308	92441.647	0.027	0.032	0.000	0.032	21, 2L, 1D	
059003.000309	92554.684	0.072	0.044	0.000	0.044	18, 3L, 1D	
059003.000310	93296.492	0.073	0.064	0.000	0.064	9	
059003.000311	93967.345	0.068	0.042	0.000	0.042	18, 6L, 2D	
059003.000312	95147.742	0.079	0.052	0.000	0.052	16, 6L, 2D	
059003.000313	96830.396	0.088	0.056	0.000	0.056	16, 9L, 2D	
059003.000456	99681.919	0.085	0.103	0.000	0.103	3, 2D	
059003.000457	99938.678	0.163	0.086	0.000	0.086	6, 3L, 2D	
059003.000541	100215.0111	0.0092	0.0096	0.0000	0.0096	11, 4L, 4D	
059003.000314	100321.0953	0.0086	0.0085	0.0000	0.0085	11, 5L, 1D	
059003.000315	100430.3447	0.0087	0.0103	0.0000	0.0103	9, 3L, 1D	
059003.000316	100625.0573	0.0079	0.0083	0.0000	0.0083	7, 3L, 1D	
059003.000317	100789.0016	0.0057	0.0084	0.0000	0.0084	11, 7L, 2D	
059003.000318	100947.1635	0.0040	0.0101	0.0000	0.0101	8, 1L, 2D	
059003.000319	101071.4073	0.0062	0.0085	0.0000	0.0085	7, 4L	
059003.000320	101165.3300	0.0044	0.0083	0.0000	0.0083	12, 4L, 2D	
059003.000321	101446.2881	0.0040	0.0100	0.0000	0.0100	9, 2L, 1D	
059003.000322	101665.516	0.043	0.047	0.000	0.047	8, 1L, 4D	
059003.000323	101680.4509	0.0056	0.0080	0.0000	0.0080	9, 3L, 2D	
059003.000542	101777.980	0.041	0.044	0.000	0.044	3, 1D	
059003.000324	102435.6138	0.0138	0.0096	0.0000	0.0096	12, 6L, 2D	
059003.000325	102484.6298	0.0047	0.0103	0.0000	0.0103	12, 3L, 5D	
059003.000326	102617.2995	0.0025	0.0093	0.0000	0.0093	12, 5L, 5D	
059003.000327	102830.4679	0.0026	0.0080	0.0000	0.0080	13, 4L, 5D	
059003.000328	102981.8898	0.0036	0.0091	0.0000	0.0091	11, 1L, 2D	
059003.000329	103308.5176	0.0040	0.0102	0.0000	0.0102	7, 1L	
059003.000330	103335.060	0.026	0.019	0.000	0.019	8, 2L, 1D	
059003.000331	103344.3610	0.0031	0.0078	0.0000	0.0078	13, 5L, 3D	
059003.000332	103484.1353	0.0040	0.0101	0.0000	0.0101	6, 1L, 2D	
059003.000333	103805.374	0.034	0.026	0.000	0.026	6, 2L	
059003.000334	103895.8382	0.0040	0.0102	0.0000	0.0102	8, 1L, 2D	
059003.000543	103973.3632	0.0040	0.0103	0.0000	0.0103	5, 1L, 3D	
059003.000335	104598.9198	0.0074	0.0116	0.0000	0.0116	8, 2L, 1D	
059003.000336	104788.631	0.012	0.013	0.000	0.013	7, 1L, 1D	
059003.000337	104904.5602	0.0031	0.0144	0.0000	0.0144	9, 3L, 2D	
059003.000338	105019.0483	0.0030	0.0127	0.0000	0.0127	13, 5L, 4D	
059003.000339	105049.7249	0.0030	0.0109	0.0000	0.0109	10	
059003.000544	105191.006	0.029	0.027	0.000	0.027	5, 1D	
059003.000545	105338.5123	0.0040	0.0390	0.0000	0.0390	5, 1L, 3D	
059003.000340	105450.2156	0.0043	0.0108	0.0000	0.0108	7, 2L, 1D	
059003.000546	105485.2856	0.0041	0.0121	0.0000	0.0121	4, 1L, 1D	
059003.000547	105534.640	0.032	0.034	0.000	0.034	3, 1L, 1D	
059003.000341	105566.6106	0.0029	0.0146	0.0000	0.0146	8, 1D	
059003.000342	105632.1256	0.0019	0.0101	0.0000	0.0101	13, 2L	
059003.000548	106153.718	0.027	0.022	0.000	0.022	6, 1L	
059003.000549	106224.188	0.025	0.023	0.000	0.023	6	
059003.000550	106306.512	0.041	0.045	0.000	0.045	5, 3D	
059003.000551	106384.540	0.028	0.029	0.000	0.029	3, 1D	
059003.000552	106394.1003	0.0030	0.0185	0.0000	0.0185	9, 2L, 1D	
059003.000553	106468.405	0.033	0.034	0.000	0.034	2	
059003.000343	106665.093	0.030	0.026	0.000	0.026	6, 3L, 2D	
059003.000344	106745.657	0.027	0.025	0.000	0.025	5, 1D	
059003.000345	107081.9175	0.0041	0.0193	0.0000	0.0193	8, 3L	
059003.000554	107177.822	0.036	0.025	0.000	0.025	6, 3L, 1D	
059003.000555	107223.188	0.036	0.032	0.000	0.032	5, 1L, 1D	
059003.000556	107262.704	0.035	0.037	0.000	0.037	4, 1L, 1D	
059003.000346	107299.062	0.028	0.021	0.000	0.021	7, 2L, 1D	
059003.000557	107403.9837	0.0030	0.0152	0.0000	0.0152	3	
059003.000558	107697.053	0.030	0.022	0.000	0.022	6, 2L	
059003.000347	107854.452	0.027	0.020	0.000	0.020	10, 4L, 2D	
059003.000559	107978.574	0.035	0.033	0.000	0.033	3	
059003.000348	108559.383	0.032	0.024	0.000	0.024	9, 4L, 2D	
059003.000560	108573.9981	0.0074	0.0238	0.0000	0.0238	7, 2L	
059003.000349	110295.293	0.016	0.021	0.000	0.021	11, 5L, 2D	
059003.000350	110333.687	0.018	0.036	0.000	0.036	15, 4L, 5D	
059003.000351	110531.052	0.017	0.029	0.000	0.029	6, 2D	
059003.000352	110881.013	0.013	0.023	0.000	0.023	21, 5L, 5D	
059003.000353	110922.379	0.044	0.048	0.000	0.048	18, 7L, 7D	
059003.000561	111039.669	0.038	0.076	0.000	0.076	3, 1L, 3D	
059003.000354	111110.089	0.013	0.022	0.000	0.022	16, 4L, 5D	
059003.000562	111193.203	0.036	0.040	0.000	0.040	2	
059003.000355	111268.657	0.035	0.051	0.000	0.051	13, 4L, 3D	
059003.000356	111335.0197	0.0080	0.0253	0.0000	0.0253	12, 3L, 3D	
059003.000357	111342.571	0.015	0.037	0.000	0.037	23, 3L, 8D	
059003.000358	111494.693	0.010	0.034	0.000	0.034	19, 3D	
059003.000458	111518.4051	0.0046	0.0083	0.0000	0.0083	8, 3L, 1D	
059003.000459	111728.8765	0.0056	0.0085	0.0000	0.0085	6, 5L, 2D	
059003.000460	111772.745	0.014	0.047	0.000	0.047	10, 2L, 3D	
059003.000461	111779.220	0.015	0.053	0.000	0.053	4, 2L, 1D	
059003.000462	111903.095	0.025	0.043	0.000	0.043	10, 1L, 1D	
059003.000359	111993.0207	0.0072	0.0110	0.0000	0.0110	22, 6L, 5D	
059003.000360	112643.160	0.012	0.016	0.000	0.016	17, 4L, 4D	
059003.000361	112769.751	0.012	0.017	0.000	0.017	16, 2L, 4D	
059003.000463	112837.4594	0.0054	0.0084	0.0000	0.0084	7, 2L	
059003.000362	112896.355	0.016	0.075	0.000	0.075	12, 1L, 1D	
059003.000363	113023.701	0.017	0.077	0.000	0.077	5, 1D	
059003.000464	113064.6976	0.0030	0.0095	0.0000	0.0095	10, 4L, 2D	
059003.000364	113158.5737	0.0031	0.0095	0.0000	0.0095	23, 8L, 6D	
059003.000465	113211.6695	0.0056	0.0080	0.0000	0.0080	12, 6L, 5D	
059003.000466	113225.7098	0.0089	0.0084	0.0000	0.0084	7, 4L, 3D	
059003.000365	113291.695	0.016	0.019	0.000	0.019	25, 8L, 10D	
059003.000366	113556.853	0.016	0.085	0.000	0.085	14, 5L, 4D	
059003.000367	113600.187	0.011	0.015	0.000	0.015	21, 3L, 5D	
059003.000368	113630.9415	0.0038	0.0088	0.0000	0.0088	15, 3L, 4D	
059003.000369	113664.5994	0.0046	0.0081	0.0000	0.0081	17, 6L, 5D	
059003.000370	113780.3488	0.0085	0.0131	0.0000	0.0131	22, 4L, 4D	
059003.000371	113825.638	0.016	0.117	0.000	0.117	7, 2L, 5D	
059003.000372	113833.935	0.016	0.079	0.000	0.079	6	
059003.000563	113854.389	0.025	0.031	0.000	0.031	7, 2L, 1D	
059003.000467	113854.8539	0.0038	0.0092	0.0000	0.0092	11, 1L, 2D	
059003.000468	113894.7397	0.0045	0.0088	0.0000	0.0088	20, 7L, 4D	
059003.000373	113914.086	0.025	0.064	0.000	0.064	18, 3L, 2D	
059003.000374	114725.647	0.012	0.020	0.000	0.020	8, 2L, 1D	
059003.000375	114797.109	0.011	0.015	0.000	0.015	17, 3L, 2D	
059003.000376	114970.894	0.040	0.047	0.000	0.047	2	
059003.000469	115094.0845	0.0048	0.0077	0.0000	0.0077	9, 5L, 2D	
059003.000470	115176.1676	0.0032	0.0077	0.0000	0.0077	10, 2L, 3D	
059003.000471	115218.6912	0.0029	0.0093	0.0000	0.0093	11, 1L, 2D	
059003.000377	115324.460	0.012	0.020	0.000	0.020	20, 4L, 5D	
059003.000378	115403.286	0.016	0.026	0.000	0.026	20, 7L, 8D	
059003.000379	115408.4164	0.0054	0.0093	0.0000	0.0093	19, 3L, 3D	
059003.000380	115420.8998	0.0049	0.0113	0.0000	0.0113	21, 4L, 5D	
059003.000564	115439.524	0.051	0.059	0.000	0.059	4, 1D	
059003.000472	115489.8016	0.0022	0.0096	0.0000	0.0096	11, 1L, 2D	
059003.000381	115499.663	0.014	0.024	0.000	0.024	25, 8L, 6D	
059003.000382	115670.034	0.017	0.019	0.000	0.019	9, 1L, 3D	
059003.000383	115672.2576	0.0029	0.0126	0.0000	0.0126	16, 1L, 3D	
059003.000473	115711.82	0.27	0.29	0.00	0.29	5, 1L, 3D	
059003.000384	115800.174	0.018	0.024	0.000	0.024	20, 9L, 5D	
059003.000474	115881.72	0.18	0.21	0.00	0.21	7, 1L, 4D	
059003.000385	115933.166	0.014	0.020	0.000	0.020	16, 1L, 3D	
059003.000475	115990.69	0.15	0.16	0.00	0.16	7, 3L, 3D	
059003.000386	116021.767	0.016	0.026	0.000	0.026	18, 5L, 7D	
059003.000476	116078.5986	0.0023	0.0144	0.0000	0.0144	16, 6L, 10D	
059003.000387	116238.8800	0.0029	0.0103	0.0000	0.0103	11, 1L, 3D	
059003.000388	116309.162	0.013	0.019	0.000	0.019	20, 6L, 6D	
059003.000389	116453.28	0.11	0.10	0.00	0.10	18, 4L, 9D	
059003.000390	116489.7690	0.0030	0.0187	0.0000	0.0187	8, 1D	
059003.000391	116727.10	0.15	0.14	0.00	0.14	10, 4D	
059003.000477	116777.5593	0.0040	0.0392	0.0000	0.0392	4, 1L, 2D	
059003.000392	117044.649	0.014	0.043	0.000	0.043	18, 6L, 7D	
059003.000393	117248.012	0.014	0.019	0.000	0.019	10, 2L, 1D	
059003.000394	117322.928	0.019	0.120	0.000	0.120	12, 2L, 5D	
059003.000478	117359.31	0.27	0.21	0.00	0.21	3	
059003.000479	117375.9434	0.0030	0.0115	0.0000	0.0115	9, 2L, 2D	
059003.000480	117385.0850	0.0029	0.0103	0.0000	0.0103	13, 1L, 3D	
059003.000481	117397.7470	0.0031	0.0104	0.0000	0.0104	12, 3L, 6D	
059003.000482	117507.922	0.128	0.097	0.000	0.097	15, 3L, 4D	
059003.000395	117540.510	0.108	0.090	0.000	0.090	11, 1L, 2D	
059003.000396	117574.61	0.12	0.12	0.00	0.12	15, 4L, 6D	
059003.000483	117592.99	0.17	0.11	0.00	0.11	12, 8L, 7D	
059003.000397	117647.23	0.12	0.10	0.00	0.10	16, 3L, 7D	
059003.000398	117686.46	0.13	0.11	0.00	0.11	13, 2L, 5D	
059003.000399	117775.2506	0.0026	0.0150	0.0000	0.0150	13, 1L, 4D	
059003.000400	118062.7721	0.0050	0.0120	0.0000	0.0120	6, 2D	
059003.000484	118069.04	0.13	0.13	0.00	0.13	11, 6L, 6D	
059003.000401	118080.966	0.137	0.098	0.000	0.098	16, 5L, 4D	
059003.000402	118201.52	0.12	0.13	0.00	0.13	10, 2L, 4D	
059003.000485	118224.07	0.16	0.13	0.00	0.13	9, 1L, 1D	
059003.000403	118271.650	0.013	0.019	0.000	0.019	15, 4L, 4D	
059003.000404	118318.613	0.105	0.089	0.000	0.089	15, 3L, 4D	
059003.000405	118468.946	0.122	0.092	0.000	0.092	16, 3L, 4D	
059003.000486	118588.77	0.12	0.16	0.00	0.16	11, 3L, 7D	
059003.000406	118610.9346	0.0050	0.0113	0.0000	0.0113	13, 2L, 2D	
059003.000487	118861.2602	0.0040	0.0197	0.0000	0.0197	14, 6L, 6D	
059003.000407	118879.0027	0.0072	0.0247	0.0000	0.0247	16, 5L, 5D	
059003.000488	118884.946	0.012	0.019	0.000	0.019	17, 6L, 10D	
059003.000489	118987.23	0.12	0.11	0.00	0.11	13, 6L, 6D	
059003.000490	119019.19	0.16	0.13	0.00	0.13	7, 3L, 2D	
059003.000491	119077.55	0.21	0.20	0.00	0.20	5, 1L, 2D	
059003.000565	119225.757	0.034	0.046	0.000	0.046	5, 2L, 2D	
059003.000408	120498.70	0.18	0.20	0.00	0.20	8, 2L, 6D	
059003.000492	120715.68	0.16	0.14	0.00	0.14	7, 3L, 2D	
059003.000409	121095.17	0.15	0.13	0.00	0.13	9, 2L, 3D	
059003.000410	121119.3953	0.0070	0.0123	0.0000	0.0123	9, 2L, 2D	
059003.000566	121143.357	0.078	0.057	0.000	0.057	4, 1L	
059003.000411	121382.48	0.13	0.11	0.00	0.11	19, 3L, 10D	
059003.000493	121412.35	0.15	0.18	0.00	0.18	11, 8L, 7D	
059003.000412	121431.25	0.14	0.11	0.00	0.11	11, 2L, 3D	
059003.000413	121532.67	0.12	0.11	0.00	0.11	14, 2L, 5D	
059003.000494	121580.98	0.24	0.28	0.00	0.28	6, 2L, 5D	
059003.000495	121582.75	0.26	0.18	0.00	0.18	6, 2L, 2D	
059003.000496	122141.57	0.15	0.13	0.00	0.13	9, 3L, 3D	
059003.000567	122932.631	0.083	0.071	0.000	0.071	4, 1L	
059003.000568	124594.474	0.038	0.062	0.000	0.062	3, 1L, 2D	
059003.000569	125145.193	0.127	0.079	0.000	0.079	3, 1L	
059003.000570	126743.233	0.055	0.055	0.000	0.055	6	
059003.000414	128214.17	0.18	0.21	0.00	0.21	5, 1L, 2D	
059003.000415	128352.80	0.18	0.20	0.00	0.20	5, 2D	
059003.000416	128381.71	0.21	0.19	0.00	0.19	5, 1L, 2D	
059003.000417	128453.21	0.16	0.15	0.00	0.15	9, 1L, 4D	
059003.000497	128479.49	0.18	0.18	0.00	0.18	5, 1L, 3D	
059003.000418	128568.67	0.21	0.13	0.00	0.13	10, 4L, 2D	
059003.000498	128800.32	0.23	0.18	0.00	0.18	5, 2L, 1D	
059003.000499	128913.13	0.14	0.14	0.00	0.14	7, 2L, 2D	
059003.000571	129009.227	0.018	0.015	0.000	0.015	6, 1L, 1D	
059003.000419	129105.932	0.016	0.015	0.000	0.015	7, 1L	
059003.000572	129454.503	0.010	0.011	0.000	0.011	5, 2L	
059003.000573	129744.1084	0.0076	0.0115	0.0000	0.0115	5, 2L	
059003.000574	129934.4928	0.0095	0.0106	0.0000	0.0106	7, 2L, 1D	
059003.000575	130218.730	0.011	0.027	0.000	0.027	3, 1L, 1D	
059003.000420	131200.1637	0.0081	0.0108	0.0000	0.0108	9, 3L, 2D	
059003.000421	131226.0519	0.0057	0.0088	0.0000	0.0088	13, 5L	
059003.000576	131788.092	0.015	0.017	0.000	0.017	5	
059003.000577	131979.82	0.17	0.15	0.00	0.15	3	
059003.000500	132415.69	0.27	0.18	0.00	0.18	4, 2L, 1D	
059003.000501	132651.54	0.24	0.18	0.00	0.18	6, 2L, 2D	
059003.000502	132783.08	0.21	0.19	0.00	0.19	6, 2D	
059003.000503	132958.24	0.21	0.18	0.00	0.18	4, 1D	
059003.000504	133037.50	0.28	0.23	0.00	0.23	4, 1D	
059003.000505	133150.72	0.18	0.20	0.00	0.20	5, 3D	
059003.000422	133194.30	0.32	0.35	0.00	0.35	2, 1L, 1D	
059003.000423	133242.29	0.34	0.34	0.00	0.34	1	
059003.000506	133307.53	0.25	0.21	0.00	0.21	4, 3L, 2D	
059003.000424	133352.11	0.36	0.36	0.00	0.36	1	
059003.000507	133370.45	0.16	0.15	0.00	0.15	7, 3D	
059003.000425	133373.137	0.022	0.029	0.000	0.029	5, 1D	
059003.000426	133392.9007	0.0072	0.0140	0.0000	0.0140	10, 5L, 2D	
059003.000427	133503.7451	0.0076	0.0156	0.0000	0.0156	11, 4L, 2D	
059003.000508	133511.57	0.15	0.17	0.00	0.17	8, 6D	
059003.000509	133566.58	0.34	0.33	0.00	0.33	3	
059003.000510	133595.09	0.23	0.18	0.00	0.18	5, 1L	
059003.000511	133650.680	0.078	0.075	0.000	0.075	3, 1L	
059003.000512	134001.26	0.32	0.32	0.00	0.32	5, 2D	
059003.000513	134008.06	0.31	0.28	0.00	0.28	4, 2L, 2D	
059003.000514	134069.40	0.25	0.24	0.00	0.24	5, 1L, 1D	
059003.000516	134162.75	0.21	0.26	0.00	0.26	6, 4L, 3D	
059003.000515	134163.31	0.22	0.27	0.00	0.27	3, 3D	
059003.000517	134220.28	0.22	0.24	0.00	0.24	6, 1D	
059003.000518	134375.599	0.032	0.033	0.000	0.033	2, 1D	
059003.000578	134394.227	0.019	0.017	0.000	0.017	2, 2L	
059003.000579	134402.146	0.013	0.023	0.000	0.023	3, 1L	
059003.000580	134403.006	0.028	0.036	0.000	0.036	3, 1L, 1D	
059003.000581	134405.489	0.016	0.019	0.000	0.019	3, 2D	
059003.000582	134426.105	0.012	0.033	0.000	0.033	5, 2L, 2D	
059003.000583	134428.724	0.011	0.023	0.000	0.023	3	
059003.000584	134433.560	0.012	0.022	0.000	0.022	3	
059003.000585	134454.398	0.034	0.051	0.000	0.051	2	
059003.000586	134454.896	0.011	0.036	0.000	0.036	2	
059003.000587	134480.227	0.036	0.051	0.000	0.051	2	
059003.000588	134480.854	0.014	0.036	0.000	0.036	3	
059003.000589	134488.583	0.011	0.049	0.000	0.049	2, 1L, 1D	
059003.000590	134492.772	0.017	0.033	0.000	0.033	1	
059003.000591	134496.262	0.016	0.041	0.000	0.041	1, 1D	
059003.000519	134868.78	0.18	0.17	0.00	0.17	5, 1L, 1D	
059003.000520	134932.22	0.25	0.17	0.00	0.17	6, 2L, 1D	
059003.000428	135445.180	0.076	0.067	0.000	0.067	9, 1L, 2D	
059003.000429	135868.730	0.074	0.070	0.000	0.070	7	
059003.000521	135896.65	0.39	0.39	0.00	0.39	2	
059003.000522	135926.92	0.36	0.32	0.00	0.32	3	
059003.000523	136034.226	0.033	0.034	0.000	0.034	5, 1D	
059003.000524	136110.98	0.37	0.39	0.00	0.39	3, 1D	
059003.000525	136326.57	0.25	0.21	0.00	0.21	4, 1L, 1D	
059003.000526	136435.35	0.24	0.19	0.00	0.19	4, 1L	
059003.000527	136485.24	0.30	0.24	0.00	0.24	6, 3L, 1D	
059003.000592	136555.041	0.017	0.019	0.000	0.019	2	
059003.000593	136555.532	0.012	0.013	0.000	0.013	5, 1L	
059003.000594	136558.068	0.013	0.017	0.000	0.017	5	
059003.000595	136559.667	0.012	0.015	0.000	0.015	3	
059003.000596	136570.8536	0.0080	0.0115	0.0000	0.0115	5	
059003.000597	136572.247	0.013	0.011	0.000	0.011	6, 2L, 1D	
059003.000599	136589.451	0.016	0.032	0.000	0.032	1, 1L, 1D	
059003.000598	136589.463	0.012	0.076	0.000	0.076	2	
059003.000600	136596.294	0.036	0.073	0.000	0.073	1	
059003.000601	136596.6727	0.0093	0.0131	0.0000	0.0131	5, 1L, 1D	
059003.000528	136606.74	0.29	0.24	0.00	0.24	4	
059003.000602	136620.109	0.015	0.071	0.000	0.071	5, 3L, 3D	
059003.000603	136641.714	0.014	0.066	0.000	0.066	3, 2L, 2D	
059003.000604	136642.097	0.011	0.110	0.000	0.110	2, 2L, 2D	
059003.000529	136643.531	0.098	0.382	0.000	0.382	3, 1L, 1D	
059003.000605	136649.588	0.017	0.079	0.000	0.079	1	
059003.000606	136650.925	0.015	0.078	0.000	0.078	2	
059003.000530	137960.702	0.033	0.035	0.000	0.035	4	
059003.000531	138035.146	0.075	0.261	0.000	0.261	4, 1L, 1D	
059003.000532	138077.986	0.032	0.034	0.000	0.034	2	
059003.000533	138342.80	0.34	0.33	0.00	0.33	3	
059003.000534	138410.70	0.39	0.28	0.00	0.28	4, 1L	
059003.000535	138445.37	0.35	0.31	0.00	0.31	3	
059003.000607	138783.473	0.033	0.031	0.000	0.031	2	
059003.000608	138787.947	0.011	0.012	0.000	0.012	5	
059003.000609	138794.5889	0.0084	0.0132	0.0000	0.0132	4	
059003.000610	138796.511	0.011	0.017	0.000	0.017	3, 1D	
059003.000611	138799.428	0.012	0.016	0.000	0.016	3	
059003.000612	138799.9177	0.0098	0.0155	0.0000	0.0155	4	
059003.000613	138822.3517	0.0088	0.0394	0.0000	0.0394	4, 3L, 4D	
059003.000614	138822.4210	0.0093	0.0195	0.0000	0.0195	5, 2L, 3D	
059003.000615	138827.726	0.016	0.026	0.000	0.026	2	
059003.000616	138833.513	0.015	0.040	0.000	0.040	2, 1D	
059003.000536	138839.89	0.41	0.48	0.00	0.48	3, 1D	
059003.000617	138849.896	0.022	0.029	0.000	0.029	3, 1L, 1D	
059003.000618	138874.899	0.011	0.021	0.000	0.021	4	
059003.000619	138883.826	0.013	0.020	0.000	0.020	2	
059003.000620	138888.921	0.017	0.050	0.000	0.050	1	
059003.000621	138895.881	0.017	0.022	0.000	0.022	3, 1L	
059003.000537	138900.37	0.32	0.31	0.00	0.31	3	
059003.000538	139081.511	0.032	0.037	0.000	0.037	4	
059003.000622	141328.619	0.016	0.020	0.000	0.020	1	
