Designation	Energy	D1	D2stat	D2sys	D2tot	N_lines	Comments
059003.000001	0.0000000	0.0076275	0.0000000	0.0000000	0.0000000	22, 2L, 2D	fixed by user
059003.000031	1398.3504836	0.0070548	0.0094951	0.0000000	0.0094951	21, 1D	
059003.000032	2893.1389485	0.0075835	0.0100720	0.0000000	0.0100720	20, 3L, 3D	
059003.000033	4453.7487118	0.0091136	0.0125858	0.0000000	0.0125858	13, 1L, 1D	
059003.000034	9370.8212878	0.0061092	0.0105820	0.0000000	0.0105820	17, 2L, 1D	
059003.000035	10032.9648007	0.0086804	0.0098652	0.0000000	0.0098652	23, 5L, 2D	
059003.000036	10138.3467662	0.0059442	0.0093727	0.0000000	0.0093727	25, 1L, 2D	
059003.000037	10859.2044363	0.0054056	0.0089771	0.0000000	0.0089771	26, 2L, 1D	
059003.000038	10950.4842120	0.0077857	0.0103548	0.0000000	0.0103548	18, 4L, 1D	
059003.000039	11761.8106541	0.0067269	0.0095377	0.0000000	0.0095377	20, 3L, 2D	
059003.000040	12494.6802006	0.0072163	0.0100110	0.0000000	0.0100110	15, 1L, 1D	
059003.000041	12846.620259	0.016471	0.013398	0.000000	0.013398	53, 12L, 8D	
059003.000042	13351.963369	0.022247	0.019324	0.000000	0.019324	29, 4L, 9D	
059003.000043	13887.6799753	0.0072511	0.0094758	0.0000000	0.0094758	22, 2L, 2D	
059003.000044	14187.439347	0.011493	0.012193	0.000000	0.012193	12, 3L, 1D	
059003.000045	14558.778591	0.012183	0.012613	0.000000	0.012613	51, 7L, 7D	
059003.000046	14859.933851	0.012673	0.011381	0.000000	0.011381	64, 9L, 10D	
059003.000047	15045.903783	0.023482	0.020291	0.000000	0.020291	35, 9L, 13D	
059003.000048	15443.6031909	0.0081956	0.0110883	0.0000000	0.0110883	13, 1L, 2D	
059003.000049	15454.069590	0.018092	0.017627	0.000000	0.017627	29, 5L, 6D	
059003.000050	15525.470382	0.011851	0.012088	0.000000	0.012088	48, 8L, 9D	
059003.000051	15705.2308147	0.0090897	0.0108880	0.0000000	0.0108880	16, 1L, 2D	
059003.000052	16089.091538	0.010730	0.012349	0.000000	0.012349	12, 1L	
059003.000053	16135.993879	0.017830	0.014553	0.000000	0.014553	44, 6L, 10D	
059003.000054	16516.174636	0.014385	0.016507	0.000000	0.016507	45, 10L, 13D	
059003.000055	16764.092123	0.010202	0.011885	0.000000	0.011885	13, 3L, 2D	
059003.000056	17095.8319818	0.0089851	0.0114076	0.0000000	0.0114076	11, 1L	
059003.000057	17113.138736	0.013231	0.013667	0.000000	0.013667	37, 6L, 6D	
059003.000058	17409.686065	0.013938	0.015294	0.000000	0.015294	8, 1L, 1D	
059003.000059	17534.671762	0.015231	0.017542	0.000000	0.017542	21, 2D	
059003.000060	17627.038043	0.013361	0.011801	0.000000	0.011801	52, 10L, 13D	
059003.000061	17642.010141	0.016241	0.015035	0.000000	0.015035	7, 2L	
059003.000062	18063.380899	0.013084	0.012474	0.000000	0.012474	55, 7L, 13D	
059003.000063	18211.872125	0.012855	0.013950	0.000000	0.013950	52, 13L, 8D	
059003.000064	18241.506560	0.011204	0.011336	0.000000	0.011336	69, 12L, 13D	
059003.000065	18693.870116	0.011664	0.013297	0.000000	0.013297	9, 1D	
059003.000066	18921.213974	0.017261	0.017437	0.000000	0.017437	25, 4L, 8D	
059003.000067	18990.071709	0.015341	0.014658	0.000000	0.014658	27, 6L, 10D	
059003.000068	19046.2964216	0.0088005	0.0108780	0.0000000	0.0108780	13, 1D	
059003.000069	19308.946495	0.012436	0.013699	0.000000	0.013699	52, 10L, 12D	
059003.000070	19360.046847	0.011996	0.012934	0.000000	0.012934	46, 8L, 9D	
059003.000071	19649.611169	0.022984	0.025766	0.000000	0.025766	9	
059003.000072	19700.922920	0.012479	0.012748	0.000000	0.012748	56, 13L, 15D	
059003.000073	19872.545544	0.011730	0.010905	0.000000	0.010905	74, 20L, 9D	
059003.000539	20096.960428	0.019134	0.020034	0.000000	0.020034	10, 2L, 1D	
059003.000074	20160.453461	0.017863	0.016938	0.000000	0.016938	22, 1L, 3D	
059003.000075	20315.634246	0.013839	0.011624	0.000000	0.011624	33, 14L, 11D	
059003.000076	20848.5157165	0.0069895	0.0109511	0.0000000	0.0109511	47, 11L, 13D	
059003.000077	20857.0633696	0.0094967	0.0119779	0.0000000	0.0119779	8, 1L, 1D	
059003.000078	21148.662792	0.016009	0.014251	0.000000	0.014251	32, 8L, 5D	
059003.000079	21238.749182	0.016456	0.016172	0.000000	0.016172	41, 5L, 8D	
059003.000080	21294.981201	0.010887	0.011466	0.000000	0.011466	69, 21L, 17D	
059003.000081	21418.931957	0.012744	0.013163	0.000000	0.013163	37, 4L, 9D	
059003.000082	21535.1890452	0.0091142	0.0107508	0.0000000	0.0107508	71, 14L, 19D	
059003.000540	21598.847543	0.018108	0.018944	0.000000	0.018944	11, 3L, 5D	
059003.000083	21611.349623	0.010456	0.011897	0.000000	0.011897	49, 12L, 13D	
059003.000084	21755.858033	0.011394	0.011871	0.000000	0.011871	31, 6L, 8D	
059003.000085	22081.0486991	0.0094967	0.0108126	0.0000000	0.0108126	53, 10L, 12D	
059003.000086	22277.881120	0.014633	0.015417	0.000000	0.015417	31, 6L, 8D	
059003.000087	22527.782989	0.010208	0.011147	0.000000	0.011147	55, 16L, 11D	
059003.000088	22747.803801	0.011246	0.011807	0.000000	0.011807	58, 10L, 11D	
059003.000089	23050.800841	0.014541	0.016109	0.000000	0.016109	32, 9L, 10D	
059003.000090	23091.877437	0.010371	0.013195	0.000000	0.013195	10, 2L, 2D	
059003.000091	23175.075482	0.013997	0.013740	0.000000	0.013740	39, 11L, 13D	
059003.000092	23246.1533704	0.0085383	0.0110573	0.0000000	0.0110573	12, 1L	
059003.000093	23442.3133221	0.0092217	0.0110618	0.0000000	0.0110618	52, 11L, 7D	
059003.000094	23465.624923	0.031889	0.029233	0.000000	0.029233	4, 1L	
059003.000095	23532.996806	0.011004	0.011357	0.000000	0.011357	48, 10L, 11D	
059003.000096	23647.688379	0.015919	0.014638	0.000000	0.014638	46, 7L, 11D	
059003.000097	23651.9861658	0.0090535	0.0100714	0.0000000	0.0100714	63, 14L, 10D	
059003.000098	23751.7459954	0.0096681	0.0116263	0.0000000	0.0116263	35, 5L, 8D	
059003.000099	23844.671733	0.010155	0.010850	0.000000	0.010850	67, 20L, 15D	
059003.000100	23955.527025	0.018106	0.019971	0.000000	0.019971	12, 3L, 3D	
059003.000101	24250.806235	0.012188	0.011406	0.000000	0.011406	27, 10L, 6D	
059003.000102	24309.358875	0.011787	0.013282	0.000000	0.013282	31, 6L, 7D	
059003.000103	24357.995371	0.011010	0.012946	0.000000	0.012946	12, 1D	
059003.000104	24461.3957105	0.0092790	0.0105232	0.0000000	0.0105232	59, 25L, 14D	
059003.000105	24471.0556875	0.0095114	0.0108901	0.0000000	0.0108901	49, 9L, 13D	
059003.000106	24788.0853923	0.0092654	0.0107648	0.0000000	0.0107648	60, 11L, 14D	
059003.000107	24886.692479	0.011406	0.013475	0.000000	0.013475	8, 1D	
059003.000108	25034.0154726	0.0095554	0.0105008	0.0000000	0.0105008	62, 17L, 15D	
059003.000109	25244.575353	0.015870	0.017488	0.000000	0.017488	5, 1L	
059003.000110	25391.760859	0.012133	0.014096	0.000000	0.014096	7	
059003.000111	25409.8473932	0.0072415	0.0096963	0.0000000	0.0096963	68, 11L, 15D	
059003.000112	25935.1157263	0.0081209	0.0104324	0.0000000	0.0104324	54, 11L, 9D	
059003.000113	25979.226379	0.021978	0.019953	0.000000	0.019953	24, 2L, 4D	
059003.000114	26095.3068606	0.0095438	0.0112887	0.0000000	0.0112887	46, 9L, 10D	
059003.000115	26447.0786635	0.0071062	0.0098677	0.0000000	0.0098677	59, 12L, 11D	
059003.000116	26447.839388	0.015203	0.019430	0.000000	0.019430	4	
059003.000117	26921.672529	0.010024	0.012242	0.000000	0.012242	10, 1D	
059003.000118	27089.798329	0.027587	0.019901	0.000000	0.019901	5, 2L	
059003.000119	27138.6248462	0.0070284	0.0095020	0.0000000	0.0095020	57, 10L, 13D	
059003.000120	27380.2829810	0.0099456	0.0101711	0.0000000	0.0101711	49, 15L, 7D	
059003.000121	27452.6192326	0.0090260	0.0114557	0.0000000	0.0114557	36, 5L, 9D	
059003.000122	27597.289152	0.013984	0.014704	0.000000	0.014704	9, 1L	
059003.000123	27604.3755426	0.0077613	0.0099953	0.0000000	0.0099953	57, 17L, 14D	
059003.000124	28101.822421	0.011823	0.012358	0.000000	0.012358	10	
059003.000125	28399.990156	0.025173	0.017018	0.000000	0.017018	21, 6L, 3D	
059003.000126	28720.7177583	0.0090241	0.0106044	0.0000000	0.0106044	70, 11L, 13D	
059003.000127	28884.6046035	0.0096657	0.0102458	0.0000000	0.0102458	45, 21L, 3D	
059003.000128	28936.607327	0.016384	0.016547	0.000000	0.016547	17, 3L, 4D	
059003.000129	29263.064728	0.010430	0.012006	0.000000	0.012006	40, 6L, 6D	
059003.000130	29267.9558954	0.0088723	0.0102966	0.0000000	0.0102966	48, 11L, 8D	
059003.000131	29835.1435528	0.0089393	0.0107737	0.0000000	0.0107737	53, 10L, 11D	
059003.000132	30505.686763	0.010215	0.010566	0.000000	0.010566	53, 7L, 3D	
059003.000430	30602.980172	0.012765	0.015276	0.000000	0.015276	8, 1L, 1D	
059003.000133	30732.802452	0.015657	0.013112	0.000000	0.013112	30, 10L, 8D	
059003.000134	30995.109708	0.016839	0.013287	0.000000	0.013287	35, 13L, 7D	
059003.000135	31254.8362380	0.0081598	0.0102762	0.0000000	0.0102762	48, 12L, 9D	
059003.000136	31788.076741	0.014934	0.013943	0.000000	0.013943	6, 1L, 1D	
059003.000137	31803.965007	0.018357	0.021418	0.000000	0.021418	9, 2L, 2D	
059003.000138	32289.122860	0.010615	0.013907	0.000000	0.013907	14, 1L, 1D	
059003.000139	32759.360263	0.018022	0.014363	0.000000	0.014363	21, 3L, 4D	
059003.000140	33339.001670	0.019838	0.015820	0.000000	0.015820	14, 6L	
059003.000141	33467.023674	0.015238	0.012933	0.000000	0.012933	31, 9L, 2D	
059003.000142	33659.481658	0.013161	0.012394	0.000000	0.012394	35, 15L, 10D	
059003.000143	34198.861126	0.011926	0.014235	0.000000	0.014235	11, 1L	
059003.000144	34520.3674917	0.0071503	0.0100998	0.0000000	0.0100998	49, 10L, 11D	
059003.000145	34825.047573	0.012844	0.011736	0.000000	0.011736	32, 12L, 7D	
059003.000146	35024.4830299	0.0074307	0.0099651	0.0000000	0.0099651	61, 11L, 12D	
059003.000147	35137.997345	0.010229	0.012321	0.000000	0.012321	19, 7L, 5D	
059003.000148	35290.255756	0.011106	0.011379	0.000000	0.011379	33, 8L, 3D	
059003.000149	35384.667183	0.013084	0.012944	0.000000	0.012944	32, 8L, 4D	
059003.000150	35801.665649	0.013774	0.011367	0.000000	0.011367	49, 14L, 7D	
059003.000151	35828.5066203	0.0093875	0.0114741	0.0000000	0.0114741	37, 4L, 6D	
059003.000152	35863.903071	0.010440	0.012246	0.000000	0.012246	25, 9L, 7D	
059003.000153	36640.5277719	0.0070569	0.0099350	0.0000000	0.0099350	53, 7L, 15D	
059003.000154	36642.0477472	0.0086730	0.0110320	0.0000000	0.0110320	42, 7L, 6D	
059003.000155	36652.471751	0.012149	0.012092	0.000000	0.012092	29, 10L, 7D	
059003.000156	36670.514349	0.010582	0.012749	0.000000	0.012749	30, 4L, 7D	
059003.000157	36683.490232	0.015653	0.014829	0.000000	0.014829	13, 4L, 2D	
059003.000158	37012.1388420	0.0098384	0.0114082	0.0000000	0.0114082	37, 9L, 8D	
059003.000159	37197.8328343	0.0091992	0.0111667	0.0000000	0.0111667	23, 2L, 2D	
059003.000160	37919.800155	0.011673	0.012379	0.000000	0.012379	34, 9L, 7D	
059003.000161	38447.637918	0.012440	0.011595	0.000000	0.011595	30, 12L, 7D	
059003.000162	38550.123817	0.013545	0.013486	0.000000	0.013486	14, 3L	
059003.000163	38694.6994943	0.0091236	0.0111663	0.0000000	0.0111663	26, 3L, 6D	
059003.000164	38701.5217553	0.0082552	0.0106114	0.0000000	0.0106114	32, 4L, 5D	
059003.000165	38727.198123	0.014081	0.012353	0.000000	0.012353	38, 10L, 10D	
059003.000166	38785.667151	0.010391	0.012797	0.000000	0.012797	25, 6L, 9D	
059003.000167	39024.4038527	0.0090210	0.0112501	0.0000000	0.0112501	30, 5L, 8D	
059003.000168	39120.6933783	0.0091901	0.0122804	0.0000000	0.0122804	16, 1D	
059003.000169	39225.697135	0.011176	0.011616	0.000000	0.011616	9, 3L, 2D	
059003.000170	39485.738946	0.016492	0.017646	0.000000	0.017646	7, 1L	
059003.000171	39725.883430	0.010930	0.012986	0.000000	0.012986	22, 4L, 2D	
059003.000172	39733.0381274	0.0076567	0.0099012	0.0000000	0.0099012	42, 6L, 4D	
059003.000173	39870.2233887	0.0079339	0.0100074	0.0000000	0.0100074	48, 14L, 11D	
059003.000174	39940.8488392	0.0087571	0.0109087	0.0000000	0.0109087	12, 2L, 1D	
059003.000175	40098.8567607	0.0093700	0.0113641	0.0000000	0.0113641	25, 5L, 4D	
059003.000176	40205.9740085	0.0090450	0.0117474	0.0000000	0.0117474	22, 2L, 2D	
059003.000177	41024.183945	0.012843	0.012351	0.000000	0.012351	18, 2L, 3D	
059003.000178	41026.800241	0.019733	0.021834	0.000000	0.021834	7, 2L, 2D	
059003.000179	44680.0358181	0.0076040	0.0097318	0.0000000	0.0097318	40, 11L, 6D	
059003.000180	44903.5257887	0.0073296	0.0100095	0.0000000	0.0100095	40, 10L, 8D	
059003.000181	45806.0588067	0.0094627	0.0111486	0.0000000	0.0111486	33, 5L, 6D	
059003.000182	45806.559186	0.012781	0.011806	0.000000	0.011806	19, 12L, 5D	
059003.000183	45845.243292	0.014429	0.013596	0.000000	0.013596	16, 2L, 1D	
059003.000184	46783.819921	0.023544	0.018933	0.000000	0.018933	15, 5L, 1D	
059003.000185	48401.8127456	0.0096274	0.0123886	0.0000000	0.0123886	16, 1L, 3D	
059003.000186	48745.6622401	0.0087262	0.0115747	0.0000000	0.0115747	23, 4L, 2D	
059003.000642	49653.488322	0.013874	0.015225	0.000000	0.015225	9, 2L	
059003.000187	50227.406223	0.015035	0.015724	0.000000	0.015724	11, 3L, 1D	
059003.000188	50647.971342	0.017303	0.015059	0.000000	0.015059	13, 3L, 2D	
059003.000189	50657.951126	0.017609	0.017015	0.000000	0.017015	11, 3L, 1D	
059003.000190	50869.784485	0.020212	0.018711	0.000000	0.018711	14, 4L	
059003.000191	51312.236648	0.024017	0.018464	0.000000	0.018464	10, 6L, 4D	
059003.000192	52027.607129	0.014001	0.015235	0.000000	0.015235	14, 3L, 4D	
059003.000193	53092.925712	0.011389	0.013771	0.000000	0.013771	8	
059003.000194	58158.1542029	0.0092499	0.0106382	0.0000000	0.0106382	38, 8L, 2D	
059003.000195	58174.013120	0.015370	0.012425	0.000000	0.012425	36, 12L, 9D	
059003.000196	60166.2603830	0.0092167	0.0099333	0.0000000	0.0099333	44, 10L, 6D	
059003.000197	60419.619118	0.011649	0.010671	0.000000	0.010671	46, 9L, 4D	
059003.000198	60520.313397	0.013674	0.012045	0.000000	0.012045	25, 5L, 6D	
059003.000199	61357.0439168	0.0093877	0.0106562	0.0000000	0.0106562	46, 6L, 11D	
059003.000200	61605.6820679	0.0099543	0.0110890	0.0000000	0.0110890	34, 5L, 2D	
059003.000201	61718.039694	0.010769	0.012213	0.000000	0.012213	27, 6L, 6D	
059003.000202	62062.625979	0.011320	0.012358	0.000000	0.012358	35, 7L, 12D	
059003.000203	62240.8029081	0.0094206	0.0102288	0.0000000	0.0102288	46, 9L, 6D	
059003.000204	62535.612337	0.014598	0.013103	0.000000	0.013103	19, 3L, 3D	
059003.000205	62558.7009312	0.0079489	0.0099273	0.0000000	0.0099273	53, 6L, 6D	
059003.000206	62678.595259	0.011839	0.011566	0.000000	0.011566	36, 6L, 3D	
059003.000207	63221.517230	0.011303	0.012129	0.000000	0.012129	23, 4L, 1D	
059003.000208	63232.207030	0.010999	0.011476	0.000000	0.011476	29, 10L, 8D	
059003.000209	63576.292561	0.012822	0.012457	0.000000	0.012457	30, 8L, 4D	
059003.000210	63593.3737083	0.0097075	0.0103015	0.0000000	0.0103015	43, 6L, 3D	
059003.000211	63768.7289315	0.0095940	0.0106300	0.0000000	0.0106300	49, 10L, 7D	
059003.000212	63816.8674365	0.0090487	0.0103220	0.0000000	0.0103220	48, 14L, 6D	
059003.000213	64150.878416	0.011147	0.012315	0.000000	0.012315	36, 7L, 5D	
059003.000214	64215.358642	0.012156	0.013237	0.000000	0.013237	30, 8L, 5D	
059003.000215	64235.7027482	0.0098254	0.0106074	0.0000000	0.0106074	42, 5L, 7D	
059003.000216	64401.2420432	0.0090574	0.0108400	0.0000000	0.0108400	31, 3L, 1D	
059003.000217	64817.640868	0.010551	0.012108	0.000000	0.012108	24, 3L, 6D	
059003.000218	64857.115128	0.010160	0.010492	0.000000	0.010492	51, 13L, 6D	
059003.000219	64865.200486	0.010528	0.011577	0.000000	0.011577	38, 6L, 6D	
059003.000220	64979.680170	0.013515	0.011673	0.000000	0.011673	32, 13L, 6D	
059003.000431	65073.505248	0.018767	0.017028	0.000000	0.017028	9, 2L	
059003.000221	65295.9528980	0.0099988	0.0113923	0.0000000	0.0113923	41, 9L, 6D	
059003.000432	65765.280159	0.020749	0.017264	0.000000	0.017264	13, 3L, 2D	
059003.000222	65909.571052	0.017311	0.015317	0.000000	0.015317	16, 3L, 1D	
059003.000223	65922.416535	0.010536	0.010973	0.000000	0.010973	45, 6L, 6D	
059003.000224	65935.357735	0.012262	0.012169	0.000000	0.012169	32, 13L, 7D	
059003.000225	65967.121517	0.015528	0.015419	0.000000	0.015419	21, 2L, 4D	
059003.000226	66148.340213	0.012473	0.012773	0.000000	0.012773	31, 6L, 7D	
059003.000227	66301.302727	0.021381	0.020326	0.000000	0.020326	18, 4L, 4D	
059003.000228	66543.969016	0.035002	0.033668	0.000000	0.033668	5, 1L, 1D	
059003.000229	66681.2752719	0.0096011	0.0125990	0.0000000	0.0125990	31, 5L, 6D	
059003.000230	66735.879926	0.013407	0.013554	0.000000	0.013554	32, 5L, 4D	
059003.000231	66853.010644	0.011508	0.011478	0.000000	0.011478	28, 8L, 3D	
059003.000232	66867.281341	0.013295	0.014926	0.000000	0.014926	16, 1L, 4D	
059003.000233	66943.218480	0.015630	0.014443	0.000000	0.014443	18, 2L, 2D	
059003.000237	67049.2410975	0.0087546	0.0103937	0.0000000	0.0103937	47, 6L, 5D	
059003.000235	67240.420341	0.013285	0.013233	0.000000	0.013233	33, 6L, 4D	
059003.000236	67395.470807	0.010647	0.011731	0.000000	0.011731	32, 3L, 3D	
059003.000234	67398.834383	0.013808	0.012882	0.000000	0.012882	27, 5L, 4D	
059003.000238	67679.3893787	0.0093626	0.0107759	0.0000000	0.0107759	36, 8L, 7D	
059003.000239	67870.792107	0.012966	0.012802	0.000000	0.012802	39, 7L, 8D	
059003.000240	67965.681811	0.018727	0.014727	0.000000	0.014727	19, 6L	
059003.000241	68238.094759	0.019440	0.021306	0.000000	0.021306	17, 6L, 4D	
059003.000242	68305.242740	0.031801	0.024293	0.000000	0.024293	9, 4L, 1D	
059003.000433	68331.8513571	0.0099673	0.0130145	0.0000000	0.0130145	32, 7L, 24D	
059003.000243	68331.8641498	0.0095632	0.0151174	0.0000000	0.0151174	38, 6L, 24D	
059003.000244	68374.554400	0.010945	0.011081	0.000000	0.011081	41, 8L, 6D	
059003.000245	68492.5592931	0.0091734	0.0109172	0.0000000	0.0109172	33, 2L, 4D	
059003.000246	68525.695342	0.013475	0.012157	0.000000	0.012157	31, 9L, 3D	
059003.000247	68544.259449	0.012904	0.011706	0.000000	0.011706	32, 12L, 2D	
059003.000434	68556.586143	0.021489	0.022249	0.000000	0.022249	6, 1L, 1D	
059003.000435	68676.753768	0.012907	0.014842	0.000000	0.014842	13, 2D	
059003.000248	68801.733722	0.011408	0.011221	0.000000	0.011221	35, 7L, 3D	
059003.000653	68890.395316	0.016722	0.018137	0.000000	0.018137	6	
059003.000249	68978.702783	0.012094	0.012329	0.000000	0.012329	27, 5L, 2D	
059003.000250	68987.186982	0.012396	0.011939	0.000000	0.011939	35, 10L, 10D	
059003.000251	69138.3076877	0.0098200	0.0105689	0.0000000	0.0105689	43, 10L, 4D	
059003.000252	69408.573506	0.016423	0.017122	0.000000	0.017122	21, 2L, 4D	
059003.000253	69431.135612	0.018205	0.013686	0.000000	0.013686	23, 5L, 2D	
059003.000254	69681.815804	0.033464	0.031493	0.000000	0.031493	8	
059003.000255	69686.337559	0.012694	0.012570	0.000000	0.012570	31, 11L, 4D	
059003.000256	69978.131509	0.015209	0.014715	0.000000	0.014715	21, 2L, 1D	
059003.000257	70381.514579	0.018182	0.016896	0.000000	0.016896	19, 3L	
059003.000631	70478.083209	0.020939	0.019008	0.000000	0.019008	8, 1L	
059003.000258	71021.277947	0.032420	0.022194	0.000000	0.022194	13, 4L, 2D	
059003.000259	71385.811305	0.023560	0.023679	0.000000	0.023679	15, 2L, 4D	
059003.000260	71501.346149	0.016112	0.016412	0.000000	0.016412	15, 3L, 2D	
059003.000261	71536.520998	0.012070	0.012613	0.000000	0.012613	20, 1L, 1D	
059003.000262	71592.422010	0.014016	0.013817	0.000000	0.013817	26, 4L, 4D	
059003.000263	71736.461100	0.016797	0.015435	0.000000	0.015435	23, 4L, 4D	
059003.000647	71767.454371	0.019271	0.022086	0.000000	0.022086	7, 1L	
059003.000264	71978.603626	0.011252	0.011423	0.000000	0.011423	27, 5L, 2D	
059003.000265	71994.971728	0.014482	0.015769	0.000000	0.015769	18, 2L, 3D	
059003.000645	72706.039683	0.030848	0.027687	0.000000	0.027687	8, 3L, 2D	
059003.000266	73030.113760	0.018639	0.018025	0.000000	0.018025	20, 8L, 5D	
059003.000267	73378.472703	0.019975	0.020080	0.000000	0.020080	16, 2L, 3D	
059003.000268	73606.236282	0.022678	0.020596	0.000000	0.020596	15, 3L, 4D	
059003.000269	73609.330229	0.029759	0.024071	0.000000	0.024071	12, 1D	
059003.000270	74105.422518	0.019040	0.018736	0.000000	0.018736	17, 4L, 4D	
059003.000271	74463.978429	0.031302	0.030805	0.000000	0.030805	11, 5L, 3D	
059003.000436	74619.841249	0.017622	0.017516	0.000000	0.017516	13, 2D	
059003.000437	74696.289452	0.020678	0.018738	0.000000	0.018738	15, 5L, 3D	
059003.000272	75294.293096	0.021340	0.018088	0.000000	0.018088	18, 3L	
059003.000273	75409.794241	0.015015	0.014363	0.000000	0.014363	20, 5L, 2D	
059003.000674	75481.418167	0.033473	0.025124	0.000000	0.025124	6, 2L	
059003.000274	75560.871637	0.014583	0.014629	0.000000	0.014629	19, 6L, 5D	
059003.000275	75614.897106	0.018116	0.015876	0.000000	0.015876	22, 6L, 3D	
059003.000276	75640.012799	0.016784	0.016837	0.000000	0.016837	16, 3L, 1D	
059003.000277	75762.287034	0.016396	0.018094	0.000000	0.018094	13, 2D	
059003.000438	75983.055682	0.019551	0.022886	0.000000	0.022886	10, 3L, 3D	
059003.000439	76130.524364	0.035033	0.030646	0.000000	0.030646	10, 3L, 2D	
059003.000440	76411.223215	0.020662	0.019800	0.000000	0.019800	14, 4L, 7D	
059003.000441	76534.591102	0.021091	0.021039	0.000000	0.021039	7, 1L, 2D	
059003.000278	76892.744091	0.044793	0.041038	0.000000	0.041038	6, 2D	
059003.000442	76894.767557	0.026655	0.023497	0.000000	0.023497	8, 2L	
059003.000279	77822.122567	0.019911	0.016843	0.000000	0.016843	13, 3L, 1D	
059003.000280	78313.106117	0.015237	0.016779	0.000000	0.016779	11, 2L, 2D	
059003.000281	78463.831410	0.026375	0.019642	0.000000	0.019642	16, 4L, 2D	
059003.000282	78694.577869	0.017528	0.017761	0.000000	0.017761	15, 3L, 3D	
059003.000283	78889.305664	0.020216	0.017151	0.000000	0.017151	19, 4L, 3D	
059003.000284	79136.203159	0.018391	0.017627	0.000000	0.017627	17, 3L, 5D	
059003.000285	79366.816213	0.019951	0.019353	0.000000	0.019353	14, 3L, 3D	
059003.000443	79377.111075	0.035088	0.029438	0.000000	0.029438	5, 2L, 1D	
059003.000444	79378.593960	0.018167	0.016312	0.000000	0.016312	10, 2L	
059003.000286	79395.658579	0.021660	0.019180	0.000000	0.019180	18, 3L, 2D	
059003.000287	79742.695208	0.018181	0.018209	0.000000	0.018209	7	
059003.000288	80164.226925	0.019030	0.015896	0.000000	0.015896	12, 3L, 1D	
059003.000289	80360.830999	0.019316	0.017809	0.000000	0.017809	15, 4L, 2D	
059003.000290	80898.085927	0.021173	0.015657	0.000000	0.015657	13, 5L	
059003.000291	80988.670069	0.023998	0.019294	0.000000	0.019294	12, 2L, 1D	
059003.000292	81404.636181	0.020847	0.017247	0.000000	0.017247	15, 5L	
059003.000445	82082.842291	0.028244	0.026111	0.000000	0.026111	11, 4L, 3D	
059003.000633	82084.082812	0.036854	0.023970	0.000000	0.023970	9, 5L, 1D	
059003.000293	82492.746697	0.029226	0.021300	0.000000	0.021300	9, 3L	
059003.000294	83026.165253	0.021072	0.019271	0.000000	0.019271	9, 2L	
059003.000641	83426.461807	0.025618	0.024800	0.000000	0.024800	7, 2L, 2D	
059003.000295	83426.741676	0.024576	0.021544	0.000000	0.021544	10, 5L, 4D	
059003.000296	83607.294733	0.022634	0.020806	0.000000	0.020806	15, 2L, 2D	
059003.000297	83703.383010	0.025353	0.023457	0.000000	0.023457	11, 1L	
059003.000446	84151.154931	0.070491	0.072220	0.000000	0.072220	7, 2L, 3D	
059003.000298	84271.032757	0.028511	0.025931	0.000000	0.025931	8, 1L, 2D	
059003.000447	84410.138270	0.021156	0.019533	0.000000	0.019533	11, 4L, 2D	
059003.000299	84410.699196	0.020480	0.019723	0.000000	0.019723	17, 1L, 2D	
059003.000300	84430.128142	0.028582	0.026864	0.000000	0.026864	7	
059003.000654	84588.830779	0.025932	0.020749	0.000000	0.020749	11, 4L, 4D	
059003.000643	84592.293995	0.027775	0.023297	0.000000	0.023297	9, 1L	
059003.000448	84689.722501	0.055773	0.046444	0.000000	0.046444	15, 9L, 5D	
059003.000449	84804.359141	0.022467	0.018512	0.000000	0.018512	13, 4L, 1D	
059003.000665	84914.910086	0.079773	0.054244	0.000000	0.054244	9, 4L, 3D	
059003.000301	84991.930830	0.040121	0.031080	0.000000	0.031080	8, 2L, 4D	
059003.000656	85186.891089	0.036478	0.023818	0.000000	0.023818	10, 4L, 4D	
059003.000302	85306.341441	0.021025	0.021084	0.000000	0.021084	11, 4L, 2D	
059003.000450	85982.636990	0.054907	0.060951	0.000000	0.060951	9, 3L, 2D	
059003.000676	86012.204858	0.073463	0.066349	0.000000	0.066349	9, 2L, 3D	
059003.000451	86389.976368	0.063804	0.041661	0.000000	0.041661	8, 3L	
059003.000452	86455.391315	0.070431	0.046045	0.000000	0.046045	11, 3L, 1D	
059003.000453	86938.731222	0.023002	0.024050	0.000000	0.024050	5, 1D	
059003.000303	87511.496409	0.034534	0.032100	0.000000	0.032100	18, 5L, 4D	
059003.000454	87726.293628	0.050236	0.045164	0.000000	0.045164	9, 4L, 2D	
059003.000660	87829.835194	0.059095	0.051517	0.000000	0.051517	10, 3L, 3D	
059003.000304	88209.494485	0.066682	0.057837	0.000000	0.057837	10, 2L, 5D	
059003.000305	88947.746872	0.054951	0.042305	0.000000	0.042305	15, 4L, 3D	
059003.000455	89969.429968	0.098073	0.088264	0.000000	0.088264	5, 1L, 1D	
059003.000657	90050.159832	0.062241	0.060551	0.000000	0.060551	8, 2L, 2D	
059003.000306	90119.480740	0.039705	0.044125	0.000000	0.044125	12, 2L, 2D	
059003.000658	90321.360264	0.038913	0.035200	0.000000	0.035200	15, 4L, 3D	
059003.000629	90481.439601	0.057326	0.057038	0.000000	0.057038	16, 5L, 5D	
059003.000307	90629.228311	0.040124	0.030606	0.000000	0.030606	18, 5L, 3D	
059003.000627	91197.893413	0.066409	0.047126	0.000000	0.047126	15, 3L, 4D	
059003.000626	92091.703364	0.052513	0.042744	0.000000	0.042744	15, 4L, 4D	
059003.000308	92441.675559	0.030204	0.028908	0.000000	0.028908	23, 5L, 1D	
059003.000309	92554.852008	0.046852	0.034287	0.000000	0.034287	17, 5L, 1D	
059003.000310	93296.557751	0.049341	0.044225	0.000000	0.044225	14, 3L, 2D	
059003.000311	93967.441638	0.040322	0.033282	0.000000	0.033282	19, 6L, 6D	
059003.000646	94876.836401	0.063836	0.042152	0.000000	0.042152	13, 4L, 3D	
059003.000659	95003.918247	0.056648	0.040283	0.000000	0.040283	13, 2L, 2D	
059003.000312	95148.077985	0.034305	0.029977	0.000000	0.029977	20, 5L, 2D	
059003.000313	96830.049255	0.060522	0.046216	0.000000	0.046216	19, 6L, 4D	
059003.000644	97740.416742	0.050654	0.041761	0.000000	0.041761	14, 4L, 3D	
059003.000456	99604.944134	0.052225	0.044064	0.000000	0.044064	8, 4L, 3D	
059003.000457	99938.739085	0.064829	0.046796	0.000000	0.046796	9, 3L, 2D	
059003.000541	100215.167544	0.017757	0.017773	0.000000	0.017773	12, 2L, 4D	
059003.000314	100320.862271	0.014779	0.015530	0.000000	0.015530	12	
059003.000315	100430.331709	0.016302	0.015269	0.000000	0.015269	12, 4L, 1D	
059003.000316	100624.976598	0.016167	0.017772	0.000000	0.017772	7, 1L, 1D	
059003.000317	100788.984819	0.014544	0.016365	0.000000	0.016365	11, 1L, 2D	
059003.000318	100947.179032	0.019778	0.020506	0.000000	0.020506	8, 1L, 2D	
059003.000319	101071.429832	0.020974	0.017333	0.000000	0.017333	7, 2L	
059003.000320	101165.304523	0.012271	0.014592	0.000000	0.014592	12, 2L, 2D	
059003.000321	101446.342008	0.014395	0.014269	0.000000	0.014269	12, 2L, 1D	
059003.000322	101665.603618	0.020402	0.026175	0.000000	0.026175	9, 1L, 3D	
059003.000323	101680.398173	0.016393	0.018587	0.000000	0.018587	8, 1L, 2D	
059003.000542	101778.034550	0.034739	0.038882	0.000000	0.038882	3, 1D	
059003.000324	102435.399492	0.015330	0.016851	0.000000	0.016851	14, 2L, 3D	
059003.000325	102484.810690	0.015919	0.017863	0.000000	0.017863	13, 4L, 6D	
059003.000326	102617.310053	0.016240	0.018517	0.000000	0.018517	11, 3L, 6D	
059003.000327	102830.469701	0.011494	0.014744	0.000000	0.014744	14, 5L, 5D	
059003.000328	102981.904974	0.014005	0.017764	0.000000	0.017764	12, 1L, 4D	
059003.000329	103308.572102	0.019205	0.020269	0.000000	0.020269	6, 1L	
059003.000330	103335.106605	0.020523	0.017776	0.000000	0.017776	9, 2L, 2D	
059003.000331	103344.339943	0.014884	0.014130	0.000000	0.014130	13, 3L, 3D	
059003.000332	103484.134334	0.033958	0.028417	0.000000	0.028417	6, 1L, 3D	
059003.000333	103805.379048	0.027324	0.022432	0.000000	0.022432	7, 1L	
059003.000334	103895.899711	0.017801	0.019282	0.000000	0.019282	8, 1L, 3D	
059003.000543	103973.418304	0.020257	0.023609	0.000000	0.023609	5, 1L, 3D	
059003.000335	104598.709025	0.021269	0.018814	0.000000	0.018814	10, 2L, 1D	
059003.000336	104788.836168	0.020396	0.019330	0.000000	0.019330	11, 1L, 2D	
059003.000337	104904.561196	0.014333	0.016042	0.000000	0.016042	8	
059003.000338	105019.064061	0.012552	0.014866	0.000000	0.014866	15, 4L, 5D	
059003.000339	105049.702963	0.010328	0.016132	0.000000	0.016132	11	
059003.000544	105191.285214	0.022827	0.024459	0.000000	0.024459	5	
059003.000545	105338.361931	0.023017	0.031253	0.000000	0.031253	5, 3L, 5D	
059003.000340	105450.206835	0.018868	0.018562	0.000000	0.018562	7, 1D	
059003.000546	105485.223623	0.020739	0.026768	0.000000	0.026768	4, 1D	
059003.000547	105534.764366	0.028711	0.031198	0.000000	0.031198	3, 1L, 1D	
059003.000341	105566.652990	0.017134	0.020557	0.000000	0.020557	7, 1D	
059003.000342	105632.119989	0.010155	0.014713	0.000000	0.014713	13	
059003.000548	106153.784745	0.021305	0.017583	0.000000	0.017583	7, 1L	
059003.000549	106224.241247	0.017309	0.018210	0.000000	0.018210	8, 2L, 1D	
059003.000550	106306.630248	0.038997	0.038540	0.000000	0.038540	5, 1L, 3D	
059003.000551	106384.735411	0.026150	0.026934	0.000000	0.026934	3, 1D	
059003.000552	106394.110144	0.014027	0.020303	0.000000	0.020303	9, 3L, 1D	
059003.000553	106468.551082	0.029365	0.031074	0.000000	0.031074	2	
059003.000343	106665.004950	0.023723	0.024862	0.000000	0.024862	6, 1L, 2D	
059003.000344	106745.918516	0.024982	0.024477	0.000000	0.024477	5, 1L, 2D	
059003.000345	107081.766322	0.019435	0.018961	0.000000	0.018961	8, 1L	
059003.000554	107177.939542	0.028640	0.020167	0.000000	0.020167	7, 3L, 1D	
059003.000555	107223.419481	0.022087	0.025449	0.000000	0.025449	6, 1L, 1D	
059003.000556	107262.922094	0.033427	0.030978	0.000000	0.030978	5, 2L, 2D	
059003.000346	107299.186184	0.025029	0.018682	0.000000	0.018682	8, 3L, 2D	
059003.000557	107404.063431	0.023840	0.019284	0.000000	0.019284	5, 3L	
059003.000558	107697.127857	0.021116	0.019473	0.000000	0.019473	8, 1L, 2D	
059003.000669	107755.425624	0.014725	0.017909	0.000000	0.017909	12, 6L, 5D	
059003.000347	107854.546050	0.023212	0.018834	0.000000	0.018834	12, 5L, 5D	
059003.000559	107978.593108	0.020966	0.021253	0.000000	0.021253	5, 1L	
059003.000625	108117.387600	0.034427	0.024354	0.000000	0.024354	5, 1L	
059003.000348	108559.495052	0.021810	0.017586	0.000000	0.017586	10, 5L, 1D	
059003.000560	108574.102220	0.027098	0.021383	0.000000	0.021383	8, 3L, 1D	
059003.000349	110295.403740	0.021552	0.031575	0.000000	0.031575	12, 3L, 4D	
059003.000350	110333.630093	0.019644	0.028062	0.000000	0.028062	16, 3L, 5D	
059003.000351	110531.124593	0.025896	0.038150	0.000000	0.038150	7, 3D	
059003.000671	110846.214700	0.016062	0.024887	0.000000	0.024887	8, 2L, 3D	
059003.000352	110881.142191	0.017955	0.027733	0.000000	0.027733	22, 6L, 7D	
059003.000353	110922.535259	0.024309	0.031171	0.000000	0.031171	19, 6L, 8D	
059003.000673	111073.225633	0.027526	0.025130	0.000000	0.025130	5, 2L, 2D	
059003.000354	111110.153137	0.020037	0.024937	0.000000	0.024937	16, 3L, 5D	
059003.000562	111193.290591	0.034497	0.036099	0.000000	0.036099	2	
059003.000355	111268.651725	0.035782	0.048478	0.000000	0.048478	13, 2L, 4D	
059003.000356	111335.010133	0.016611	0.027857	0.000000	0.027857	12, 2L, 3D	
059003.000357	111342.563116	0.015188	0.025091	0.000000	0.025091	24, 4L, 8D	
059003.000358	111494.733388	0.014279	0.025625	0.000000	0.025625	19, 3L, 3D	
059003.000458	111518.321722	0.012953	0.017212	0.000000	0.017212	10, 1L, 1D	
059003.000668	111600.678289	0.022582	0.026672	0.000000	0.026672	6, 3L, 3D	
059003.000459	111728.891786	0.015378	0.020163	0.000000	0.020163	7, 1L, 1D	
059003.000460	111772.771679	0.022431	0.043954	0.000000	0.043954	10, 3L, 3D	
059003.000461	111779.280407	0.025297	0.056679	0.000000	0.056679	4, 1D	
059003.000462	111903.040167	0.032952	0.041303	0.000000	0.041303	10, 2L, 1D	
059003.000359	111993.010148	0.013181	0.019293	0.000000	0.019293	24, 5L, 4D	
059003.000360	112643.208158	0.014769	0.020639	0.000000	0.020639	17, 2L, 3D	
059003.000361	112769.752119	0.013333	0.019820	0.000000	0.019820	18, 3L, 4D	
059003.000463	112837.452145	0.015835	0.019052	0.000000	0.019052	8	
059003.000362	112896.222092	0.024853	0.054947	0.000000	0.054947	11	
059003.000363	113023.547096	0.027398	0.060900	0.000000	0.060900	5, 1L, 1D	
059003.000464	113064.734023	0.013133	0.017138	0.000000	0.017138	11, 2L, 2D	
059003.000364	113158.640325	0.013090	0.017414	0.000000	0.017414	26, 11L, 9D	
059003.000465	113211.623546	0.011912	0.017633	0.000000	0.017633	13, 5L, 5D	
059003.000466	113225.719923	0.017309	0.017199	0.000000	0.017199	8, 3L, 2D	
059003.000365	113291.816076	0.018292	0.021947	0.000000	0.021947	27, 4L, 10D	
059003.000366	113556.881930	0.021137	0.034097	0.000000	0.034097	15, 2L, 2D	
059003.000367	113600.257093	0.018131	0.017433	0.000000	0.017433	22, 4L, 5D	
059003.000368	113630.997636	0.013585	0.018423	0.000000	0.018423	16, 3L, 4D	
059003.000369	113664.575984	0.013368	0.015447	0.000000	0.015447	19, 3L, 4D	
059003.000370	113780.397016	0.012583	0.017176	0.000000	0.017176	25, 4L, 3D	
059003.000371	113823.212971	0.025121	0.043637	0.000000	0.043637	9, 2L, 3D	
059003.000372	113833.801688	0.026486	0.067436	0.000000	0.067436	7, 2L, 1D	
059003.000563	113854.439516	0.042037	0.039247	0.000000	0.039247	9, 6L, 3D	
059003.000467	113854.867877	0.013775	0.018433	0.000000	0.018433	14, 3D	
059003.000468	113894.776058	0.015496	0.018802	0.000000	0.018802	22, 8L, 4D	
059003.000373	113914.161814	0.040602	0.036656	0.000000	0.036656	19, 4L, 3D	
059003.000374	114725.653817	0.018017	0.030557	0.000000	0.030557	8, 1L, 2D	
059003.000375	114797.144273	0.014300	0.018434	0.000000	0.018434	19, 3L, 3D	
059003.000376	114971.019654	0.099015	0.163901	0.000000	0.163901	2, 1L, 1D	
059003.000469	115094.071265	0.011920	0.017423	0.000000	0.017423	12, 1L, 4D	
059003.000470	115176.206048	0.012588	0.015435	0.000000	0.015435	13, 1L, 3D	
059003.000471	115218.701166	0.014559	0.020943	0.000000	0.020943	12, 4D	
059003.000377	115324.546753	0.019353	0.024407	0.000000	0.024407	21, 7L, 6D	
059003.000378	115403.261143	0.019614	0.023272	0.000000	0.023272	21, 9L, 7D	
059003.000379	115408.466268	0.011744	0.016665	0.000000	0.016665	20, 1L, 4D	
059003.000380	115420.988336	0.024268	0.024555	0.000000	0.024555	21, 7L, 5D	
059003.000564	115439.737796	0.059933	0.057626	0.000000	0.057626	4, 2D	
059003.000472	115489.883989	0.011931	0.017602	0.000000	0.017602	11, 2L, 3D	
059003.000381	115499.695456	0.026778	0.026606	0.000000	0.026606	24, 10L, 5D	
059003.000382	115670.218534	0.045406	0.043675	0.000000	0.043675	9, 2L, 3D	
059003.000383	115672.286360	0.011412	0.017552	0.000000	0.017552	16, 3L, 3D	
059003.000473	115712.39142	0.13248	0.19239	0.00000	0.19239	5, 2L, 3D	
059003.000384	115800.167588	0.070852	0.036647	0.000000	0.036647	20, 8L, 5D	
059003.000474	115881.96248	0.12653	0.13501	0.00000	0.13501	7, 2L, 3D	
059003.000385	115933.235430	0.017658	0.022184	0.000000	0.022184	17, 3L, 3D	
059003.000475	115991.094512	0.097041	0.096932	0.000000	0.096932	8, 3L, 3D	
059003.000386	116021.857552	0.019154	0.028735	0.000000	0.028735	20, 8L, 7D	
059003.000630	116074.971001	0.013373	0.017766	0.000000	0.017766	15, 3L, 3D	
059003.000476	116078.646905	0.011956	0.017555	0.000000	0.017555	17, 5L, 7D	
059003.000387	116238.910621	0.015849	0.019840	0.000000	0.019840	12, 1L, 4D	
059003.000388	116309.230906	0.015624	0.018652	0.000000	0.018652	23, 3L, 4D	
059003.000640	116327.545683	0.101640	0.069255	0.000000	0.069255	10, 3L, 2D	
059003.000389	116453.441915	0.083843	0.065246	0.000000	0.065246	18, 7L, 8D	
059003.000390	116489.792642	0.017694	0.028989	0.000000	0.028989	8, 1L, 2D	
059003.000624	116617.217401	0.029232	0.035634	0.000000	0.035634	13, 5L, 5D	
059003.000391	116727.404071	0.089518	0.087163	0.000000	0.087163	10, 2L, 5D	
059003.000477	116878.54081	0.10142	0.10083	0.00000	0.10083	10, 6L, 6D	
059003.000392	117044.692509	0.025538	0.038536	0.000000	0.038536	19, 7L, 8D	
059003.000393	117248.152939	0.025437	0.030354	0.000000	0.030354	10, 2L, 1D	
059003.000394	117323.206849	0.098114	0.095184	0.000000	0.095184	10, 2L, 4D	
059003.000478	117359.68700	0.21584	0.13378	0.00000	0.13378	3, 2L	
059003.000667	117369.466854	0.041451	0.042526	0.000000	0.042526	6, 1D	
059003.000479	117375.921812	0.013895	0.020044	0.000000	0.020044	11, 2L, 3D	
059003.000480	117385.127339	0.013219	0.017078	0.000000	0.017078	13, 1L, 1D	
059003.000481	117397.740482	0.010970	0.016996	0.000000	0.016996	15, 4L, 7D	
059003.000482	117508.029088	0.071160	0.063886	0.000000	0.063886	17, 5L, 6D	
059003.000395	117540.713029	0.074614	0.060367	0.000000	0.060367	11, 2L, 2D	
059003.000396	117574.634973	0.075084	0.078061	0.000000	0.078061	13, 3L, 4D	
059003.000398	117593.453627	0.076185	0.077884	0.000000	0.077884	12, 7L, 6D	
059003.000397	117647.405994	0.070615	0.064278	0.000000	0.064278	15, 3L, 6D	
059003.000483	117686.684416	0.076788	0.069517	0.000000	0.069517	13, 4L, 6D	
059003.000628	117712.711267	0.015354	0.017828	0.000000	0.017828	10, 2L, 2D	
059003.000399	117775.298420	0.014158	0.019686	0.000000	0.019686	14, 2L, 5D	
059003.000655	117889.198332	0.034511	0.035106	0.000000	0.035106	9, 3L, 1D	
059003.000400	118063.219179	0.017300	0.020329	0.000000	0.020329	8, 2L, 2D	
059003.000484	118069.25217	0.10285	0.12408	0.00000	0.12408	11, 7L, 9D	
059003.000401	118081.079717	0.106619	0.064526	0.000000	0.064526	17, 6L, 6D	
059003.000485	118201.742476	0.095718	0.090425	0.000000	0.090425	10, 1L, 5D	
059003.000402	118224.376382	0.098778	0.098099	0.000000	0.098099	8, 1L, 4D	
059003.000403	118271.723295	0.020724	0.023657	0.000000	0.023657	17, 6L, 5D	
059003.000675	118292.585201	0.059612	0.042122	0.000000	0.042122	7, 3L, 1D	
059003.000404	118318.636557	0.068943	0.059416	0.000000	0.059416	16, 5L, 6D	
059003.000405	118468.925540	0.066847	0.059325	0.000000	0.059325	16, 3L, 4D	
059003.000486	118588.897499	0.077177	0.103900	0.000000	0.103900	11, 4L, 7D	
059003.000406	118610.985929	0.017548	0.022843	0.000000	0.022843	14, 3L, 2D	
059003.000678	118670.114729	0.052822	0.063247	0.000000	0.063247	5, 3L, 2D	
059003.000487	118860.824631	0.018524	0.023269	0.000000	0.023269	16, 7L, 8D	
059003.000407	118879.177334	0.047786	0.037777	0.000000	0.037777	17, 8L, 7D	
059003.000488	118885.065900	0.037148	0.042354	0.000000	0.042354	16, 7L, 10D	
059003.000565	118967.578288	0.028220	0.030491	0.000000	0.030491	9, 2L, 3D	
059003.000489	118987.347625	0.079942	0.070418	0.000000	0.070418	14, 5L, 6D	
059003.000490	119019.434417	0.110957	0.087883	0.000000	0.087883	7, 4L, 2D	
059003.000491	119077.77058	0.14257	0.11964	0.00000	0.11964	5, 1L, 1D	
059003.000672	119498.788919	0.044147	0.039857	0.000000	0.039857	7, 2L, 2D	
059003.000650	119552.657676	0.040259	0.028475	0.000000	0.028475	9, 3L, 1D	
059003.000634	119809.358372	0.014515	0.021803	0.000000	0.021803	8, 1L, 3D	
059003.000635	119998.584560	0.013638	0.018958	0.000000	0.018958	13, 7L, 7D	
059003.000681	120014.942492	0.049689	0.042339	0.000000	0.042339	7	
059003.000408	120498.87147	0.11586	0.12778	0.00000	0.12778	8, 4L, 5D	
059003.000492	120715.768226	0.094919	0.097230	0.000000	0.097230	6, 1L, 1D	
059003.000684	120805.512526	0.044982	0.036714	0.000000	0.036714	9, 3L, 2D	
059003.000409	121095.428624	0.083765	0.088519	0.000000	0.088519	9, 2L, 4D	
059003.000410	121119.436572	0.026174	0.027179	0.000000	0.027179	9, 3L, 2D	
059003.000566	121143.747995	0.083742	0.048150	0.000000	0.048150	4, 2L	
059003.000411	121382.648423	0.077553	0.072948	0.000000	0.072948	18, 4L, 8D	
059003.000493	121413.21788	0.11304	0.11548	0.00000	0.11548	15, 12L, 11D	
059003.000412	121431.281293	0.073187	0.071466	0.000000	0.071466	11, 1L, 3D	
059003.000413	121532.797704	0.021897	0.030952	0.000000	0.030952	15, 4L, 5D	
059003.000495	121583.18867	0.19417	0.13158	0.00000	0.13158	6, 2L, 1D	
059003.000670	121655.638715	0.034936	0.034741	0.000000	0.034741	6, 2L, 1D	
059003.000494	121673.29116	0.17102	0.10722	0.00000	0.10722	6, 4L, 1D	
059003.000496	122141.931878	0.029330	0.047872	0.000000	0.047872	10, 4L, 3D	
059003.000567	122932.818103	0.083984	0.055953	0.000000	0.055953	5, 2L	
059003.000680	122956.111872	0.032381	0.031756	0.000000	0.031756	4	
059003.000679	123577.475786	0.045619	0.041605	0.000000	0.041605	8, 1D	
059003.000568	124594.583876	0.053449	0.066469	0.000000	0.066469	3, 1L, 2D	
059003.000569	125145.351722	0.094513	0.064732	0.000000	0.064732	3, 1L	
059003.000570	126743.395537	0.063475	0.043217	0.000000	0.043217	7, 3L	
059003.000683	127453.593129	0.037092	0.033124	0.000000	0.033124	7	
059003.000414	128214.61843	0.10916	0.13477	0.00000	0.13477	5, 1L, 2D	
059003.000415	128353.04564	0.10656	0.12606	0.00000	0.12606	6, 1L, 4D	
059003.000416	128381.93581	0.11747	0.12653	0.00000	0.12653	5, 1L, 2D	
059003.000417	128453.414356	0.130979	0.094541	0.000000	0.094541	9, 3L, 4D	
059003.000497	128479.57120	0.15514	0.12045	0.00000	0.12045	5, 2L, 3D	
059003.000418	128568.840987	0.109289	0.082740	0.000000	0.082740	9, 4L, 2D	
059003.000498	128800.45455	0.13240	0.11403	0.00000	0.11403	5, 1D	
059003.000499	128913.246286	0.084613	0.089972	0.000000	0.089972	7, 2L, 2D	
059003.000571	129009.282490	0.034091	0.034194	0.000000	0.034194	6, 1L, 2D	
059003.000419	129105.843195	0.031920	0.031297	0.000000	0.031297	7, 1L	
059003.000572	129185.783686	0.031734	0.029651	0.000000	0.029651	4, 3L, 1D	
059003.000651	129454.463111	0.019412	0.021598	0.000000	0.021598	5, 1L	
059003.000649	129498.008939	0.032308	0.041751	0.000000	0.041751	4, 1L, 1D	
059003.000573	129744.162458	0.022074	0.024987	0.000000	0.024987	6, 1L	
059003.000652	129877.164855	0.025225	0.030718	0.000000	0.030718	4	
059003.000574	129934.489398	0.022551	0.025462	0.000000	0.025462	7, 2L, 2D	
059003.000575	130218.689156	0.022068	0.030112	0.000000	0.030112	3, 1L, 1D	
059003.000420	131200.112799	0.020699	0.023319	0.000000	0.023319	10, 1L, 2D	
059003.000421	131226.173867	0.014987	0.017776	0.000000	0.017776	14, 3L, 1D	
059003.000648	131665.037554	0.041024	0.039579	0.000000	0.039579	5, 1L	
059003.000639	131776.400018	0.016337	0.022519	0.000000	0.022519	6, 2L, 2D	
059003.000576	131788.073608	0.031504	0.039324	0.000000	0.039324	5, 1D	
059003.000632	131910.582065	0.018417	0.021418	0.000000	0.021418	6, 1L	
059003.000577	132070.174004	0.033341	0.028586	0.000000	0.028586	5, 2L, 1D	
059003.000500	132415.75036	0.17543	0.11195	0.00000	0.11195	5, 2L, 1D	
059003.000501	132651.75779	0.12477	0.14800	0.00000	0.14800	6, 2L, 4D	
059003.000502	132783.36421	0.13501	0.13277	0.00000	0.13277	6, 3D	
059003.000503	132876.535939	0.146551	0.085133	0.000000	0.085133	8, 3L, 1D	
059003.000638	132903.307496	0.099223	0.106275	0.000000	0.106275	6, 2L, 2D	
059003.000623	132958.13474	0.10549	0.10992	0.00000	0.10992	7, 3L, 4D	
059003.000504	133037.64804	0.21444	0.14954	0.00000	0.14954	4, 2L, 2D	
059003.000424	133078.24279	0.15188	0.14773	0.00000	0.14773	5, 1L	
059003.000505	133150.88574	0.12077	0.12492	0.00000	0.12492	5, 3D	
059003.000422	133194.39608	0.21463	0.22707	0.00000	0.22707	2, 1L, 1D	
059003.000423	133242.31424	0.22200	0.22307	0.00000	0.22307	1	
059003.000506	133307.43100	0.13674	0.14604	0.00000	0.14604	3, 1L, 1D	
059003.000507	133370.503990	0.099214	0.091333	0.000000	0.091333	7, 2D	
059003.000425	133373.114318	0.029722	0.035291	0.000000	0.035291	5, 1L, 1D	
059003.000426	133392.831816	0.017392	0.024576	0.000000	0.024576	11, 4L, 3D	
059003.000427	133503.842593	0.018574	0.021882	0.000000	0.021882	12, 1L, 1D	
059003.000508	133511.68392	0.10473	0.13405	0.00000	0.13405	8, 7D	
059003.000509	133566.63466	0.21416	0.21091	0.00000	0.21091	3	
059003.000510	133594.96874	0.12628	0.10012	0.00000	0.10012	6, 1L, 1D	
059003.000637	133624.49115	0.14969	0.10169	0.00000	0.10169	5, 2L, 1D	
059003.000511	133650.240480	0.034877	0.038832	0.000000	0.038832	3	
059003.000662	133945.405693	0.019161	0.023126	0.000000	0.023126	5, 2L, 1D	
059003.000512	134001.47457	0.23562	0.18366	0.00000	0.18366	5, 2L, 1D	
059003.000663	134004.099178	0.016650	0.020938	0.000000	0.020938	7, 2L, 3D	
059003.000514	134069.61765	0.17717	0.15609	0.00000	0.15609	5, 1L, 1D	
059003.000636	134074.340920	0.082433	0.072008	0.000000	0.072008	6, 2L, 2D	
059003.000516	134163.43365	0.14914	0.18756	0.00000	0.18756	5, 1L, 3D	
059003.000515	134163.58218	0.16287	0.17404	0.00000	0.17404	3, 1L, 3D	
059003.000517	134220.40741	0.13257	0.15255	0.00000	0.15255	6, 1L, 1D	
059003.000579	134402.280004	0.018087	0.026080	0.000000	0.026080	4	
059003.000580	134403.258746	0.023092	0.025136	0.000000	0.025136	6, 3L, 1D	
059003.000581	134405.632682	0.018259	0.027269	0.000000	0.027269	4, 2L, 2D	
059003.000578	134407.079255	0.016640	0.024475	0.000000	0.024475	5	
059003.000582	134426.170433	0.018105	0.027089	0.000000	0.027089	5, 1L, 2D	
059003.000666	134427.794788	0.017075	0.023380	0.000000	0.023380	4, 1D	
059003.000583	134428.881424	0.015452	0.030860	0.000000	0.030860	3	
059003.000584	134433.636615	0.016327	0.022704	0.000000	0.022704	4	
059003.000585	134454.496946	0.038341	0.051678	0.000000	0.051678	2	
059003.000586	134454.993094	0.017527	0.028241	0.000000	0.028241	2	
059003.000587	134480.392607	0.047150	0.058967	0.000000	0.058967	2	
059003.000588	134480.986899	0.019116	0.028490	0.000000	0.028490	4	
059003.000589	134488.760513	0.017987	0.048882	0.000000	0.048882	2, 1D	
059003.000590	134492.886593	0.028000	0.047323	0.000000	0.047323	1	
059003.000591	134496.261581	0.027000	0.057736	0.000000	0.057736	1, 1L, 1D	
059003.000518	134502.55329	0.20438	0.19219	0.00000	0.19219	4	
059003.000664	134696.695812	0.019005	0.021394	0.000000	0.021394	6	
059003.000519	134868.67797	0.16164	0.11008	0.00000	0.11008	5, 2L, 1D	
059003.000520	134932.41475	0.16163	0.12489	0.00000	0.12489	5, 2L, 1D	
059003.000428	135445.144750	0.053872	0.050443	0.000000	0.050443	9, 1L, 4D	
059003.000429	135868.546186	0.023276	0.026176	0.000000	0.026176	9, 2L, 2D	
059003.000521	135896.797841	0.053789	0.123672	0.000000	0.123672	3, 1L, 1D	
059003.000522	135926.97486	0.24450	0.20606	0.00000	0.20606	3	
059003.000677	136033.711708	0.166618	0.074455	0.000000	0.074455	5, 3L	
059003.000523	136034.230503	0.033620	0.037730	0.000000	0.037730	5	
059003.000524	136111.04340	0.25027	0.24887	0.00000	0.24887	3, 1D	
059003.000525	136326.54837	0.16436	0.14481	0.00000	0.14481	3, 1D	
059003.000526	136435.18310	0.14002	0.13316	0.00000	0.13316	4, 1L, 1D	
059003.000527	136485.39064	0.21699	0.15198	0.00000	0.15198	6, 3L, 1D	
059003.000592	136555.136139	0.020549	0.025436	0.000000	0.025436	2	
059003.000593	136555.632641	0.016823	0.020620	0.000000	0.020620	5, 1L, 1D	
059003.000594	136558.158072	0.019121	0.021683	0.000000	0.021683	5, 1L	
059003.000595	136559.738725	0.017160	0.021104	0.000000	0.021104	3	
059003.000596	136570.984552	0.016602	0.016710	0.000000	0.016710	6, 2L	
059003.000597	136572.358826	0.016348	0.018414	0.000000	0.018414	7, 1L, 1D	
059003.000598	136589.374094	0.019416	0.058267	0.000000	0.058267	2	
059003.000599	136589.570746	0.016386	0.022852	0.000000	0.022852	3, 1L, 1D	
059003.000601	136596.819875	0.017507	0.018929	0.000000	0.018929	5, 2L	
059003.000528	136606.85110	0.19239	0.15610	0.00000	0.15610	4	
059003.000602	136620.180672	0.027343	0.043534	0.000000	0.043534	4, 2L, 2D	
059003.000600	136638.634709	0.018807	0.021687	0.000000	0.021687	3	
059003.000603	136641.923945	0.060093	0.041193	0.000000	0.041193	2, 2L	
059003.000529	136643.59302	0.29934	0.29950	0.00000	0.29950	2	
059003.000605	136649.471096	0.027000	0.066617	0.000000	0.066617	1	
059003.000606	136650.832289	0.025901	0.068682	0.000000	0.068682	2	
059003.000604	136728.891069	0.018581	0.039029	0.000000	0.039029	3	
059003.000661	136902.798388	0.017245	0.023423	0.000000	0.023423	7, 1L, 2D	
059003.000530	137960.669609	0.033611	0.037099	0.000000	0.037099	4	
059003.000531	138035.295758	0.075488	0.186080	0.000000	0.186080	4, 2L, 1D	
059003.000532	138077.936586	0.033966	0.043018	0.000000	0.043018	2	
059003.000533	138342.78698	0.21152	0.21107	0.00000	0.21107	3	
059003.000534	138410.87787	0.31588	0.17762	0.00000	0.17762	4, 2L	
059003.000535	138445.66730	0.24821	0.19837	0.00000	0.19837	3	
059003.000608	138788.035374	0.014118	0.019348	0.000000	0.019348	5	
059003.000607	138788.659174	0.011123	0.016810	0.000000	0.016810	7, 1D	
059003.000609	138794.672364	0.014083	0.019988	0.000000	0.019988	4	
059003.000610	138796.585765	0.017486	0.025772	0.000000	0.025772	4, 1L, 1D	
059003.000611	138799.509280	0.020480	0.021840	0.000000	0.021840	4, 1L, 1D	
059003.000612	138800.006732	0.015426	0.020776	0.000000	0.020776	5, 1L, 1D	
059003.000613	138822.322177	0.015628	0.030851	0.000000	0.030851	4, 3L, 3D	
059003.000614	138822.534361	0.017021	0.026171	0.000000	0.026171	5, 2L, 2D	
059003.000615	138827.778936	0.026302	0.040572	0.000000	0.040572	2, 1L, 1D	
059003.000616	138833.639642	0.023533	0.056074	0.000000	0.056074	2, 1L, 1D	
059003.000536	138840.11810	0.24065	0.31536	0.00000	0.31536	3, 1L, 1D	
059003.000617	138871.211422	0.028736	0.025458	0.000000	0.025458	4, 1L, 1D	
059003.000618	138875.009356	0.018159	0.025657	0.000000	0.025657	4	
059003.000619	138883.873531	0.026998	0.030102	0.000000	0.030102	3, 2L	
059003.000620	138889.094654	0.027000	0.166110	0.000000	0.166110	1	
059003.000621	138895.988351	0.028134	0.036990	0.000000	0.036990	3, 1L	
059003.000537	138900.51294	0.20229	0.19981	0.00000	0.19981	3	
059003.000538	139081.549813	0.034349	0.038783	0.000000	0.038783	4	
059003.000682	141110.57943	0.23733	0.17523	0.00000	0.17523	5, 3L, 1D	
059003.000622	141440.946969	0.018397	0.025256	0.000000	0.025256	2	
