level_id	IDEN_id
059003.000001	1253
059003.000031	1252
059003.000032	1251
059003.000033	1250
059003.000034	1249
059003.000035	1248
059003.000036	1247
059003.000037	1246
059003.000038	1245
059003.000039	1244
059003.000040	1243
059003.000041	1242
059003.000042	1241
059003.000043	1240
059003.000044	1239
059003.000045	1238
059003.000046	1236
059003.000047	1237
059003.000048	1234
059003.000049	1235
059003.000050	1233
059003.000051	1232
059003.000052	1230
059003.000053	1231
059003.000054	1229
059003.000055	1228
059003.000056	1227
059003.000057	1226
059003.000058	1224
059003.000059	1223
059003.000060	1225
059003.000061	1222
059003.000062	1221
059003.000063	1218
059003.000064	1220
059003.000065	1219
059003.000066	1217
059003.000067	1216
059003.000068	1215
059003.000069	1214
059003.000070	1213
059003.000071	1211
059003.000072	1212
059003.000073	1207
059003.000074	1210
059003.000075	1209
059003.000076	1205
059003.000077	1206
059003.000078	1204
059003.000079	1203
059003.000080	1201
059003.000081	1202
059003.000082	1199
059003.000083	1197
059003.000084	1198
059003.000085	1196
059003.000086	1195
059003.000087	1193
059003.000088	1194
059003.000089	1192
059003.000090	1190
059003.000091	1191
059003.000092	1189
059003.000093	1187
059003.000094	1185
059003.000095	1184
059003.000096	1183
059003.000097	1186
059003.000098	1188
059003.000099	1182
059003.000100	1181
059003.000101	1178
059003.000102	1176
059003.000103	1180
059003.000104	1177
059003.000105	1179
059003.000106	1175
059003.000107	1174
059003.000108	1173
059003.000109	1172
059003.000110	1171
059003.000111	1170
059003.000112	1167
059003.000113	1168
059003.000114	1169
059003.000115	1165
059003.000116	1166
059003.000117	1164
059003.000118	1163
059003.000119	1162
059003.000120	1160
059003.000121	1161
059003.000122	1159
059003.000123	1158
059003.000124	1157
059003.000125	1156
059003.000126	1155
059003.000127	1154
059003.000128	1153
059003.000129	1151
059003.000130	1152
059003.000131	1150
059003.000132	1149
059003.000133	1148
059003.000134	1145
059003.000135	1146
059003.000136	1143
059003.000137	1144
059003.000138	1142
059003.000139	1141
059003.000140	1140
059003.000141	1138
059003.000142	1139
059003.000143	1137
059003.000144	1136
059003.000145	1135
059003.000146	1134
059003.000147	1133
059003.000148	1131
059003.000149	1132
059003.000150	1129
059003.000151	1128
059003.000152	1130
059003.000153	1123
059003.000154	1126
059003.000155	1124
059003.000156	1127
059003.000157	1125
059003.000158	1122
059003.000159	1121
059003.000160	1120
059003.000161	1118
059003.000162	1119
059003.000163	1117
059003.000164	1115
059003.000165	1116
059003.000166	1114
059003.000167	1111
059003.000168	1112
059003.000169	1113
059003.000170	1110
059003.000171	1109
059003.000172	1107
059003.000173	1105
059003.000174	1108
059003.000175	1104
059003.000176	1106
059003.000177	1102
059003.000178	1103
059003.000179	1101
059003.000180	1100
059003.000181	1099
059003.000182	1098
059003.000183	1097
059003.000184	1096
059003.000185	1095
059003.000186	1094
059003.000187	1092
059003.000188	1091
059003.000189	1090
059003.000190	1089
059003.000191	1088
059003.000192	1087
059003.000193	1086
059003.000194	1084
059003.000195	1083
059003.000196	1082
059003.000197	1080
059003.000198	1081
059003.000199	1079
059003.000200	1077
059003.000201	1078
059003.000202	1076
059003.000203	1075
059003.000204	1074
059003.000205	1073
059003.000206	1072
059003.000207	1071
059003.000208	1069
059003.000209	1068
059003.000210	1067
059003.000211	1065
059003.000212	1066
059003.000213	1064
059003.000214	1061
059003.000215	1062
059003.000216	1063
059003.000217	1058
059003.000218	1057
059003.000219	1060
059003.000220	1056
059003.000221	1055
059003.000222	1052
059003.000223	1051
059003.000224	1049
059003.000225	1050
059003.000226	1048
059003.000227	1047
059003.000228	1046
059003.000229	1044
059003.000230	1045
059003.000231	1041
059003.000232	1043
059003.000233	1042
059003.000234	1040
059003.000235	1037
059003.000236	1036
059003.000237	1039
059003.000238	1035
059003.000239	1033
059003.000240	1034
059003.000241	1032
059003.000242	1029
059003.000243	1028
059003.000244	1027
059003.000245	1030
059003.000246	1026
059003.000247	1025
059003.000248	1021
059003.000249	1024
059003.000250	1019
059003.000251	1017
059003.000252	1016
059003.000253	1015
059003.000254	1013
059003.000255	1012
059003.000256	1011
059003.000257	1009
059003.000258	1006
059003.000259	1005
059003.000260	1000
059003.000261	1004
059003.000262	1003
059003.000263	1002
059003.000264	1001
059003.000265	999
059003.000266	997
059003.000267	992
059003.000268	995
059003.000269	993
059003.000270	991
059003.000271	990
059003.000272	981
059003.000273	985
059003.000274	984
059003.000275	979
059003.000276	982
059003.000277	978
059003.000278	977
059003.000279	971
059003.000280	972
059003.000281	969
059003.000282	970
059003.000283	968
059003.000284	967
059003.000285	963
059003.000286	961
059003.000287	962
059003.000288	960
059003.000289	959
059003.000290	957
059003.000291	958
059003.000292	956
059003.000293	953
059003.000294	952
059003.000295	950
059003.000296	948
059003.000297	947
059003.000298	945
059003.000299	942
059003.000300	941
059003.000301	935
059003.000302	934
059003.000303	927
059003.000304	925
059003.000305	923
059003.000306	917
059003.000307	916
059003.000308	912
059003.000309	911
059003.000310	909
059003.000311	907
059003.000312	904
059003.000313	902
059003.000314	894
059003.000315	893
059003.000316	891
059003.000317	892
059003.000318	890
059003.000319	889
059003.000320	888
059003.000321	887
059003.000322	886
059003.000323	884
059003.000324	883
059003.000325	882
059003.000326	880
059003.000327	879
059003.000328	878
059003.000329	875
059003.000330	877
059003.000331	876
059003.000332	874
059003.000333	872
059003.000334	873
059003.000335	870
059003.000336	869
059003.000337	868
059003.000338	867
059003.000339	866
059003.000340	862
059003.000341	861
059003.000342	860
059003.000343	846
059003.000344	845
059003.000345	843
059003.000346	839
059003.000347	830
059003.000348	822
059003.000349	817
059003.000350	818
059003.000351	816
059003.000352	810
059003.000353	811
059003.000354	804
059003.000355	805
059003.000356	801
059003.000357	802
059003.000358	800
059003.000359	793
059003.000360	791
059003.000361	789
059003.000362	788
059003.000363	786
059003.000364	785
059003.000365	784
059003.000366	781
059003.000367	779
059003.000368	780
059003.000369	778
059003.000370	776
059003.000371	777
059003.000372	774
059003.000373	773
059003.000374	770
059003.000375	769
059003.000376	767
059003.000377	764
059003.000378	761
059003.000379	758
059003.000380	762
059003.000381	760
059003.000382	756
059003.000383	754
059003.000384	755
059003.000385	750
059003.000386	749
059003.000387	744
059003.000388	745
059003.000389	743
059003.000390	739
059003.000391	738
059003.000392	734
059003.000393	732
059003.000394	730
059003.000395	725
059003.000396	722
059003.000397	720
059003.000398	723
059003.000399	714
059003.000400	702
059003.000401	708
059003.000402	703
059003.000403	699
059003.000404	700
059003.000405	696
059003.000406	689
059003.000407	685
059003.000408	655
059003.000409	646
059003.000410	645
059003.000411	642
059003.000412	640
059003.000413	636
059003.000414	546
059003.000415	543
059003.000416	539
059003.000417	540
059003.000418	538
059003.000419	527
059003.000420	505
059003.000421	503
059003.000422	472
059003.000423	470
059003.000424	475
059003.000425	466
059003.000426	467
059003.000427	461
059003.000428	383
059003.000429	374
059003.000430	1147
059003.000431	1059
059003.000432	1053
059003.000433	1031
059003.000434	1020
059003.000435	1018
059003.000436	988
059003.000437	989
059003.000438	976
059003.000439	980
059003.000440	974
059003.000441	975
059003.000442	973
059003.000443	965
059003.000444	964
059003.000445	954
059003.000446	946
059003.000447	943
059003.000448	938
059003.000449	939
059003.000450	933
059003.000451	931
059003.000452	930
059003.000453	929
059003.000454	926
059003.000455	920
059003.000456	898
059003.000457	897
059003.000458	798
059003.000459	797
059003.000460	796
059003.000461	795
059003.000462	794
059003.000463	790
059003.000464	787
059003.000465	783
059003.000466	782
059003.000467	772
059003.000468	775
059003.000469	768
059003.000470	766
059003.000471	765
059003.000472	759
059003.000473	757
059003.000474	752
059003.000475	751
059003.000476	746
059003.000477	737
059003.000478	733
059003.000479	727
059003.000480	728
059003.000481	729
059003.000482	726
059003.000483	721
059003.000484	709
059003.000485	707
059003.000486	694
059003.000487	680
059003.000488	682
059003.000489	681
059003.000490	684
059003.000491	679
059003.000492	653
059003.000493	644
059003.000494	633
059003.000495	639
059003.000496	628
059003.000497	541
059003.000498	534
059003.000499	532
059003.000500	487
059003.000501	486
059003.000502	485
059003.000503	483
059003.000504	480
059003.000505	473
059003.000506	469
059003.000507	468
059003.000508	464
059003.000509	456
059003.000510	458
059003.000511	454
059003.000512	448
059003.000514	444
059003.000515	434
059003.000516	431
059003.000517	437
059003.000518	409
059003.000519	399
059003.000520	394
059003.000521	378
059003.000522	377
059003.000523	373
059003.000524	370
059003.000525	338
059003.000526	323
059003.000527	358
059003.000528	341
059003.000529	343
059003.000530	311
059003.000531	310
059003.000532	309
059003.000533	306
059003.000534	304
059003.000535	303
059003.000536	295
059003.000537	287
059003.000538	271
059003.000539	1208
059003.000540	1200
059003.000541	895
059003.000542	885
059003.000543	871
059003.000544	865
059003.000545	863
059003.000546	859
059003.000547	858
059003.000548	853
059003.000549	851
059003.000550	850
059003.000551	849
059003.000552	848
059003.000553	847
059003.000554	842
059003.000555	840
059003.000556	841
059003.000557	838
059003.000558	833
059003.000559	829
059003.000560	823
059003.000562	807
059003.000563	771
059003.000564	753
059003.000565	683
059003.000566	649
059003.000567	626
059003.000568	565
059003.000569	576
059003.000570	554
059003.000571	530
059003.000572	525
059003.000573	519
059003.000574	520
059003.000575	517
059003.000576	498
059003.000577	494
059003.000578	429
059003.000579	430
059003.000580	427
059003.000581	428
059003.000582	423
059003.000583	426
059003.000584	424
059003.000585	419
059003.000586	420
059003.000587	414
059003.000588	413
059003.000589	411
059003.000590	417
059003.000591	416
059003.000592	352
059003.000593	354
059003.000594	355
059003.000595	353
059003.000596	350
059003.000597	351
059003.000598	347
059003.000599	349
059003.000600	337
059003.000601	344
059003.000602	336
059003.000603	330
059003.000604	332
059003.000605	334
059003.000606	333
059003.000607	293
059003.000608	294
059003.000609	292
059003.000610	291
059003.000611	289
059003.000612	288
059003.000613	282
059003.000614	283
059003.000615	286
059003.000616	284
059003.000617	281
059003.000618	280
059003.000619	276
059003.000620	279
059003.000621	278
059003.000622	186
059003.000623	474
059003.000624	742
059003.000625	828
059003.000626	913
059003.000627	914
059003.000628	719
059003.000629	918
059003.000630	747
059003.000631	1007
059003.000632	496
059003.000633	955
059003.000634	666
059003.000635	661
059003.000636	441
059003.000637	465
059003.000638	479
059003.000639	497
059003.000640	741
059003.000641	949
059003.000642	1093
059003.000643	940
059003.000644	900
059003.000645	996
059003.000646	906
059003.000647	998
059003.000648	499
059003.000649	522
059003.000650	672
059003.000651	523
059003.000652	518
059003.000653	1014
059003.000654	944
059003.000655	711
059003.000656	936
059003.000657	919
059003.000658	915
059003.000659	903
059003.000660	924
059003.000661	319
059003.000662	446
059003.000663	447
059003.000664	406
059003.000665	937
059003.000666	422
059003.000667	718
059003.000668	799
059003.000669	832
059003.000670	627
059003.000671	813
059003.000672	660
059003.000673	809
059003.000674	983
059003.000675	706
059003.000676	932
059003.000677	366
059003.000678	690
059003.000679	592
059003.000680	615
059003.000681	667
059003.000682	206
059003.000683	545
059003.000684	658
