Designation	Energy	D1	D2stat	D2sys	D2tot	N_lines	Comments
059003.000001	0.0000000	0.0063949	0.0000000	0.0000000	0.0000000	22, 5L, 2D	fixed by user
059003.000031	1398.3407914	0.0057120	0.0077336	0.0000000	0.0077336	21, 1D	
059003.000032	2893.1357082	0.0059276	0.0082020	0.0000000	0.0082020	20, 2L, 3D	
059003.000033	4453.7496819	0.0074012	0.0103216	0.0000000	0.0103216	13, 1D	
059003.000034	9370.6713564	0.0071591	0.0097533	0.0000000	0.0097533	17, 4L, 1D	
059003.000035	10032.9334569	0.0071158	0.0078532	0.0000000	0.0078532	23, 5L, 2D	
059003.000036	10138.1909856	0.0050797	0.0080025	0.0000000	0.0080025	25, 3L, 2D	
059003.000037	10859.0715626	0.0046854	0.0076070	0.0000000	0.0076070	25	
059003.000038	10950.2536298	0.0070359	0.0091192	0.0000000	0.0091192	18, 2L	
059003.000039	11761.7049823	0.0058651	0.0081245	0.0000000	0.0081245	20, 3L, 2D	
059003.000040	12494.6386234	0.0083123	0.0088588	0.0000000	0.0088588	15, 1L, 1D	
059003.000041	12846.657850	0.016457	0.011794	0.000000	0.011794	52, 10L, 7D	
059003.000042	13352.081780	0.017392	0.015721	0.000000	0.015721	30, 5L, 9D	
059003.000043	13887.6017630	0.0065036	0.0081770	0.0000000	0.0081770	22, 5L, 2D	
059003.000044	14187.3425773	0.0099429	0.0100740	0.0000000	0.0100740	12, 3L, 1D	
059003.000045	14558.801081	0.011610	0.011394	0.000000	0.011394	51, 9L, 7D	
059003.000046	14859.9714034	0.0109068	0.0097758	0.0000000	0.0097758	64, 7L, 10D	
059003.000047	15045.815035	0.026208	0.019506	0.000000	0.019506	37, 11L, 14D	
059003.000048	15443.4994630	0.0077070	0.0090207	0.0000000	0.0090207	13, 2L, 2D	
059003.000049	15454.165385	0.013056	0.014122	0.000000	0.014122	29, 3L, 6D	
059003.000050	15525.493737	0.010590	0.010421	0.000000	0.010421	49, 9L, 10D	
059003.000051	15705.1414873	0.0073216	0.0087686	0.0000000	0.0087686	15, 2L, 1D	
059003.000052	16089.1337440	0.0078073	0.0097229	0.0000000	0.0097229	12	
059003.000053	16135.952884	0.016206	0.013666	0.000000	0.013666	44, 7L, 10D	
059003.000054	16516.142517	0.015652	0.017570	0.000000	0.017570	45, 10L, 13D	
059003.000055	16763.9887198	0.0084835	0.0096905	0.0000000	0.0096905	13, 3L, 2D	
059003.000056	17095.6452098	0.0076954	0.0097167	0.0000000	0.0097167	11, 1L	
059003.000057	17113.163561	0.011511	0.011679	0.000000	0.011679	37, 5L, 6D	
059003.000058	17409.617396	0.018404	0.018000	0.000000	0.018000	8, 1L, 1D	
059003.000059	17534.743798	0.012326	0.014371	0.000000	0.014371	21, 2D	
059003.000060	17626.982321	0.014041	0.010999	0.000000	0.010999	51, 10L, 13D	
059003.000061	17642.042668	0.013240	0.011901	0.000000	0.011901	7, 2L	
059003.000062	18063.349302	0.014600	0.013702	0.000000	0.013702	55, 5L, 12D	
059003.000063	18211.776477	0.011742	0.012759	0.000000	0.012759	52, 11L, 8D	
059003.000064	18241.5189834	0.0095544	0.0099670	0.0000000	0.0099670	69, 10L, 13D	
059003.000065	18693.6656521	0.0088978	0.0113944	0.0000000	0.0113944	9, 1D	
059003.000066	18921.234176	0.015396	0.014290	0.000000	0.014290	25, 6L, 8D	
059003.000067	18990.067626	0.013249	0.013476	0.000000	0.013476	27, 6L, 9D	
059003.000068	19046.1358455	0.0075782	0.0091550	0.0000000	0.0091550	12, 1L	
059003.000069	19308.910077	0.011707	0.011989	0.000000	0.011989	52, 7L, 12D	
059003.000070	19360.070923	0.010301	0.011299	0.000000	0.011299	46, 6L, 9D	
059003.000071	19649.646009	0.019008	0.021357	0.000000	0.021357	9	
059003.000072	19700.880617	0.011275	0.011408	0.000000	0.011408	55, 14L, 14D	
059003.000073	19872.4567379	0.0102883	0.0096713	0.0000000	0.0096713	73, 15L, 10D	
059003.000539	20096.721515	0.017470	0.018905	0.000000	0.018905	10, 3L, 1D	
059003.000074	20160.365453	0.015614	0.014151	0.000000	0.014151	22, 3L, 3D	
059003.000075	20315.615914	0.015307	0.010115	0.000000	0.010115	33, 14L, 12D	
059003.000076	20848.406699	0.011617	0.012223	0.000000	0.012223	47, 9L, 13D	
059003.000077	20856.8712106	0.0079068	0.0105971	0.0000000	0.0105971	8, 1D	
059003.000078	21148.424248	0.013974	0.013768	0.000000	0.013768	32, 7L, 5D	
059003.000079	21238.735531	0.013742	0.013551	0.000000	0.013551	41, 5L, 7D	
059003.000080	21294.900317	0.010080	0.010348	0.000000	0.010348	67, 19L, 17D	
059003.000081	21418.829321	0.011821	0.011928	0.000000	0.011928	37, 5L, 8D	
059003.000082	21535.1636150	0.0085058	0.0092755	0.0000000	0.0092755	71, 20L, 18D	
059003.000540	21598.604884	0.016501	0.015482	0.000000	0.015482	11, 1L, 5D	
059003.000083	21611.197943	0.010508	0.011046	0.000000	0.011046	49, 10L, 13D	
059003.000084	21755.831076	0.011678	0.010264	0.000000	0.010264	31, 9L, 8D	
059003.000085	22080.9540568	0.0091344	0.0095204	0.0000000	0.0095204	53, 8L, 12D	
059003.000086	22277.674128	0.012199	0.013185	0.000000	0.013185	31, 4L, 8D	
059003.000087	22527.7243129	0.0089732	0.0095502	0.0000000	0.0095502	55, 12L, 11D	
059003.000088	22747.7094289	0.0095117	0.0104134	0.0000000	0.0104134	58, 8L, 11D	
059003.000089	23050.619046	0.012160	0.013883	0.000000	0.013883	31, 6L, 10D	
059003.000090	23091.7104394	0.0092797	0.0109340	0.0000000	0.0109340	10, 3L, 2D	
059003.000091	23175.063912	0.011941	0.012022	0.000000	0.012022	39, 10L, 13D	
059003.000092	23246.0004869	0.0074006	0.0094677	0.0000000	0.0094677	12, 1L	
059003.000093	23442.2526081	0.0079538	0.0094378	0.0000000	0.0094378	52, 8L, 7D	
059003.000094	23465.471119	0.034725	0.015942	0.000000	0.015942	4, 3L	
059003.000095	23532.859390	0.010927	0.010191	0.000000	0.010191	48, 8L, 11D	
059003.000096	23647.763591	0.012968	0.011900	0.000000	0.011900	46, 6L, 11D	
059003.000097	23651.8927948	0.0077509	0.0087522	0.0000000	0.0087522	63, 15L, 11D	
059003.000098	23751.5533239	0.0096798	0.0098702	0.0000000	0.0098702	35, 6L, 8D	
059003.000099	23844.5968303	0.0094337	0.0096213	0.0000000	0.0096213	67, 16L, 15D	
059003.000100	23955.333744	0.017007	0.018480	0.000000	0.018480	12, 3L, 3D	
059003.000101	24250.633194	0.013690	0.011851	0.000000	0.011851	27, 9L, 6D	
059003.000102	24309.206931	0.010015	0.011415	0.000000	0.011415	31, 6L, 7D	
059003.000103	24357.9801694	0.0082998	0.0100013	0.0000000	0.0100013	12, 1D	
059003.000104	24461.2493098	0.0082760	0.0092640	0.0000000	0.0092640	57, 21L, 13D	
059003.000105	24470.9094879	0.0084521	0.0094763	0.0000000	0.0094763	51, 15L, 14D	
059003.000106	24788.0228844	0.0081078	0.0093211	0.0000000	0.0093211	60, 12L, 12D	
059003.000107	24886.529871	0.010363	0.011227	0.000000	0.011227	8, 1D	
059003.000108	25033.9170955	0.0076421	0.0089874	0.0000000	0.0089874	62, 17L, 15D	
059003.000109	25244.651529	0.011403	0.013649	0.000000	0.013649	5, 1L	
059003.000110	25391.770871	0.010190	0.011351	0.000000	0.011351	7	
059003.000111	25409.7557056	0.0066076	0.0084067	0.0000000	0.0084067	68, 10L, 14D	
059003.000112	25934.9803169	0.0075408	0.0089322	0.0000000	0.0089322	54, 8L, 8D	
059003.000113	25979.308833	0.018510	0.016343	0.000000	0.016343	24, 2L, 4D	
059003.000114	26095.2377485	0.0083274	0.0094310	0.0000000	0.0094310	46, 5L, 10D	
059003.000115	26446.9725081	0.0069374	0.0085671	0.0000000	0.0085671	59, 9L, 11D	
059003.000116	26447.915598	0.011182	0.015099	0.000000	0.015099	4, 1L	
059003.000117	26921.4926509	0.0081290	0.0102563	0.0000000	0.0102563	10, 1D	
059003.000118	27089.711649	0.017874	0.015676	0.000000	0.015676	5, 1L	
059003.000119	27138.5579460	0.0064023	0.0082889	0.0000000	0.0082889	56, 9L, 12D	
059003.000120	27380.3124764	0.0085314	0.0086697	0.0000000	0.0086697	49, 13L, 7D	
059003.000121	27452.4553597	0.0082384	0.0098614	0.0000000	0.0098614	36, 5L, 8D	
059003.000122	27597.1391298	0.0095862	0.0112320	0.0000000	0.0112320	9, 1L	
059003.000123	27604.2707985	0.0069803	0.0086934	0.0000000	0.0086934	57, 12L, 14D	
059003.000124	28101.7871427	0.0098121	0.0108379	0.0000000	0.0108379	10	
059003.000125	28399.476114	0.059009	0.040344	0.000000	0.040344	17, 7L, 4D	
059003.000126	28720.7004028	0.0074037	0.0085214	0.0000000	0.0085214	68, 10L, 12D	
059003.000127	28885.066943	0.029755	0.021102	0.000000	0.021102	39, 23L, 2D	
059003.000128	28936.455732	0.011261	0.012989	0.000000	0.012989	17, 1L, 4D	
059003.000129	29263.0695515	0.0086872	0.0100723	0.0000000	0.0100723	39, 6L, 5D	
059003.000130	29267.8587385	0.0081729	0.0091668	0.0000000	0.0091668	48, 10L, 8D	
059003.000131	29835.0979775	0.0077526	0.0094880	0.0000000	0.0094880	52, 5L, 11D	
059003.000132	30505.7094344	0.0091464	0.0088692	0.0000000	0.0088692	53, 8L, 4D	
059003.000430	30602.846768	0.010876	0.012881	0.000000	0.012881	8, 1L, 1D	
059003.000133	30733.513352	0.030136	0.027328	0.000000	0.027328	28, 9L, 7D	
059003.000134	30994.586228	0.025387	0.025671	0.000000	0.025671	34, 11L, 7D	
059003.000135	31254.7202878	0.0070910	0.0089773	0.0000000	0.0089773	48, 8L, 9D	
059003.000136	31787.951542	0.012751	0.012000	0.000000	0.012000	6, 1L, 1D	
059003.000137	31803.697377	0.014636	0.016218	0.000000	0.016218	9, 2L, 2D	
059003.000138	32288.908600	0.010389	0.012238	0.000000	0.012238	14, 1L, 1D	
059003.000139	32760.124683	0.038674	0.030608	0.000000	0.030608	19, 4L, 4D	
059003.000140	33338.390300	0.044468	0.035816	0.000000	0.035816	12, 1L	
059003.000141	33466.445904	0.030755	0.023993	0.000000	0.023993	29, 7L, 2D	
059003.000142	33659.988179	0.024797	0.023826	0.000000	0.023826	34, 10L, 9D	
059003.000143	34198.609175	0.011069	0.012935	0.000000	0.012935	11, 1L	
059003.000144	34520.2768008	0.0068641	0.0089041	0.0000000	0.0089041	48, 10L, 11D	
059003.000145	34825.466815	0.027786	0.022606	0.000000	0.022606	28, 8L, 6D	
059003.000146	35024.4991287	0.0060641	0.0081847	0.0000000	0.0081847	59, 9L, 11D	
059003.000147	35137.8480523	0.0084497	0.0108451	0.0000000	0.0108451	18, 5L, 4D	
059003.000148	35290.973981	0.020805	0.018345	0.000000	0.018345	33, 11L, 3D	
059003.000149	35384.233199	0.025018	0.026794	0.000000	0.026794	34, 8L, 7D	
059003.000150	35801.260074	0.026375	0.021390	0.000000	0.021390	49, 20L, 8D	
059003.000151	35828.4509607	0.0081262	0.0096673	0.0000000	0.0096673	36, 7L, 5D	
059003.000152	35863.750763	0.010199	0.010734	0.000000	0.010734	25, 11L, 7D	
059003.000153	36640.4166637	0.0065106	0.0088117	0.0000000	0.0088117	53, 5L, 15D	
059003.000154	36642.1089185	0.0079109	0.0092989	0.0000000	0.0092989	42, 10L, 5D	
059003.000155	36652.311888	0.010325	0.010208	0.000000	0.010208	30, 8L, 6D	
059003.000156	36670.5670999	0.0084955	0.0105854	0.0000000	0.0105854	28, 3L, 6D	
059003.000157	36683.238427	0.014114	0.013043	0.000000	0.013043	13, 5L, 2D	
059003.000158	37011.9318317	0.0080593	0.0099522	0.0000000	0.0099522	36, 8L, 8D	
059003.000159	37197.6410417	0.0078301	0.0100279	0.0000000	0.0100279	23, 2L, 2D	
059003.000160	37919.6168520	0.0104304	0.0099662	0.0000000	0.0099662	34, 8L, 7D	
059003.000161	38448.352970	0.021290	0.019648	0.000000	0.019648	27, 8L, 7D	
059003.000162	38549.886434	0.013869	0.011185	0.000000	0.011185	14, 3L	
059003.000163	38694.4941798	0.0087921	0.0099723	0.0000000	0.0099723	26, 5L, 6D	
059003.000164	38701.5997135	0.0075674	0.0089637	0.0000000	0.0089637	31, 5L, 4D	
059003.000165	38726.543937	0.024126	0.022947	0.000000	0.022947	32, 12L, 9D	
059003.000166	38785.7838851	0.0085543	0.0105473	0.0000000	0.0105473	25, 4L, 9D	
059003.000167	39024.288812	0.010095	0.011176	0.000000	0.011176	29, 6L, 7D	
059003.000168	39120.5103769	0.0096135	0.0105592	0.0000000	0.0105592	16, 3L, 1D	
059003.000169	39225.6061348	0.0095388	0.0099123	0.0000000	0.0099123	9, 4L, 2D	
059003.000170	39485.520795	0.013238	0.015084	0.000000	0.015084	7	
059003.000171	39726.0140915	0.0085768	0.0104715	0.0000000	0.0104715	22, 4L, 2D	
059003.000172	39733.0354873	0.0073587	0.0086656	0.0000000	0.0086656	42, 5L, 5D	
059003.000173	39870.2145859	0.0060516	0.0082608	0.0000000	0.0082608	48, 13L, 11D	
059003.000174	39940.7337737	0.0078798	0.0092881	0.0000000	0.0092881	12, 3L, 1D	
059003.000175	40098.6825646	0.0083664	0.0096443	0.0000000	0.0096443	26, 7L, 4D	
059003.000176	40205.7550384	0.0078947	0.0099574	0.0000000	0.0099574	22, 2L, 2D	
059003.000177	41023.989337	0.010846	0.010643	0.000000	0.010643	18, 2L, 3D	
059003.000178	41026.890915	0.014000	0.017881	0.000000	0.017881	7, 2D	
059003.000179	44679.9388829	0.0071127	0.0088423	0.0000000	0.0088423	40, 9L, 6D	
059003.000180	44903.3801167	0.0074344	0.0089096	0.0000000	0.0089096	40, 14L, 8D	
059003.000181	45805.9954489	0.0093108	0.0098626	0.0000000	0.0098626	33, 6L, 6D	
059003.000182	45807.165552	0.014508	0.011307	0.000000	0.011307	17, 8L, 2D	
059003.000183	45844.634811	0.012870	0.014176	0.000000	0.014176	13, 2L, 1D	
059003.000184	46783.795774	0.014194	0.014940	0.000000	0.014940	15, 2L, 1D	
059003.000185	48401.6512753	0.0093604	0.0111887	0.0000000	0.0111887	16, 2L, 3D	
059003.000186	48745.5049264	0.0089381	0.0107453	0.0000000	0.0107453	23, 4L, 1D	
059003.000642	49652.345902	0.017027	0.016994	0.000000	0.016994	9, 3L	
059003.000187	50227.889578	0.021593	0.018587	0.000000	0.018587	12, 4L, 2D	
059003.000188	50647.433731	0.034610	0.033185	0.000000	0.033185	13, 3D	
059003.000189	50658.701750	0.040140	0.032898	0.000000	0.032898	11, 3L, 1D	
059003.000190	50869.298912	0.041418	0.035226	0.000000	0.035226	9	
059003.000191	51312.778667	0.032497	0.036470	0.000000	0.036470	9, 2L, 4D	
059003.000192	52026.975038	0.015349	0.017376	0.000000	0.017376	13, 2L, 2D	
059003.000193	53092.782495	0.010405	0.011395	0.000000	0.011395	8	
059003.000194	58158.065282	0.014331	0.014769	0.000000	0.014769	38, 3L, 2D	
059003.000195	58174.145908	0.010291	0.010838	0.000000	0.010838	36, 11L, 9D	
059003.000196	60166.181575	0.011409	0.012202	0.000000	0.012202	43, 6L, 6D	
059003.000197	60419.7187078	0.0093027	0.0101157	0.0000000	0.0101157	46, 11L, 4D	
059003.000198	60520.306149	0.011644	0.011275	0.000000	0.011275	25, 3L, 6D	
059003.000199	61357.0279188	0.0081046	0.0094769	0.0000000	0.0094769	47, 6L, 12D	
059003.000200	61605.655584	0.010124	0.010676	0.000000	0.010676	33, 6L, 2D	
059003.000201	61717.979631	0.010684	0.011410	0.000000	0.011410	26, 4L, 5D	
059003.000202	62062.654041	0.011842	0.011479	0.000000	0.011479	34, 7L, 11D	
059003.000203	62240.8154790	0.0101910	0.0096698	0.0000000	0.0096698	45, 10L, 6D	
059003.000204	62535.617348	0.014754	0.012438	0.000000	0.012438	19, 5L, 3D	
059003.000205	62558.6564937	0.0077957	0.0086681	0.0000000	0.0086681	52, 10L, 5D	
059003.000206	62678.6709495	0.0099013	0.0101907	0.0000000	0.0101907	36, 7L, 3D	
059003.000207	63221.2844483	0.0092488	0.0105614	0.0000000	0.0105614	24, 2L, 1D	
059003.000208	63232.184469	0.011817	0.010227	0.000000	0.010227	29, 11L, 6D	
059003.000209	63576.269691	0.010958	0.011928	0.000000	0.011928	29, 6L, 3D	
059003.000210	63593.3328955	0.0100699	0.0096448	0.0000000	0.0096448	41, 6L, 3D	
059003.000211	63768.6606975	0.0086680	0.0095427	0.0000000	0.0095427	49, 12L, 6D	
059003.000212	63816.8920486	0.0085085	0.0091921	0.0000000	0.0091921	48, 11L, 6D	
059003.000213	64150.908001	0.011237	0.011327	0.000000	0.011327	34, 9L, 5D	
059003.000214	64215.427855	0.010536	0.011513	0.000000	0.011513	30, 8L, 5D	
059003.000215	64235.643468	0.010046	0.010272	0.000000	0.010272	41, 3L, 5D	
059003.000216	64401.0453517	0.0088879	0.0100075	0.0000000	0.0100075	30, 6L, 1D	
059003.000217	64817.537406	0.011156	0.011762	0.000000	0.011762	23, 2L, 6D	
059003.000218	64857.150338	0.010084	0.010445	0.000000	0.010445	49, 8L, 6D	
059003.000219	64865.1477314	0.0096940	0.0104719	0.0000000	0.0104719	37, 5L, 6D	
059003.000220	64979.524206	0.015088	0.013272	0.000000	0.013272	31, 10L, 6D	
059003.000431	65073.272068	0.016363	0.015830	0.000000	0.015830	9, 1L	
059003.000221	65295.8994743	0.0095878	0.0108253	0.0000000	0.0108253	40, 6L, 6D	
059003.000432	65765.146604	0.021746	0.017699	0.000000	0.017699	13, 3L, 2D	
059003.000222	65909.452698	0.017986	0.015925	0.000000	0.015925	14, 1L	
059003.000223	65922.4051162	0.0101345	0.0097972	0.0000000	0.0097972	44, 5L, 5D	
059003.000224	65935.233122	0.013380	0.012336	0.000000	0.012336	31, 8L, 8D	
059003.000225	65967.127332	0.015913	0.015021	0.000000	0.015021	20, 3L, 4D	
059003.000226	66148.355114	0.011149	0.010974	0.000000	0.010974	31, 5L, 6D	
059003.000227	66301.345005	0.025090	0.020335	0.000000	0.020335	17, 3L, 3D	
059003.000228	66543.744958	0.040639	0.039666	0.000000	0.039666	5, 1D	
059003.000229	66681.1411609	0.0095743	0.0120476	0.0000000	0.0120476	31, 4L, 6D	
059003.000230	66735.856760	0.011619	0.011961	0.000000	0.011961	31, 7L, 4D	
059003.000231	66852.868531	0.014066	0.013056	0.000000	0.013056	28, 6L, 3D	
059003.000232	66867.109915	0.012567	0.013904	0.000000	0.013904	16, 1L, 4D	
059003.000233	66943.049886	0.019973	0.020342	0.000000	0.020342	18, 1L, 2D	
059003.000237	67049.1780321	0.0082534	0.0093522	0.0000000	0.0093522	46, 6L, 3D	
059003.000235	67240.333713	0.014250	0.012322	0.000000	0.012322	33, 6L, 4D	
059003.000236	67395.317297	0.010204	0.010670	0.000000	0.010670	32, 4L, 3D	
059003.000234	67398.810676	0.014518	0.012206	0.000000	0.012206	26, 5L, 4D	
059003.000238	67679.2276361	0.0099940	0.0099464	0.0000000	0.0099464	34, 6L, 6D	
059003.000239	67870.743797	0.013959	0.013509	0.000000	0.013509	39, 8L, 8D	
059003.000240	67965.464577	0.013414	0.013059	0.000000	0.013059	19, 2L, 1D	
059003.000241	68238.108939	0.018756	0.019784	0.000000	0.019784	17, 3L, 4D	
059003.000242	68305.230436	0.033188	0.028044	0.000000	0.028044	9, 3L, 1D	
059003.000433	68331.686958	0.010632	0.011726	0.000000	0.011726	32, 10L, 23D	
059003.000243	68331.750874	0.010805	0.014811	0.000000	0.014811	37, 7L, 23D	
059003.000244	68374.551613	0.011106	0.010199	0.000000	0.010199	40, 7L, 6D	
059003.000245	68492.4414033	0.0091401	0.0102155	0.0000000	0.0102155	32, 3D	
059003.000246	68525.617075	0.013557	0.011816	0.000000	0.011816	31, 9L, 3D	
059003.000247	68544.192049	0.012575	0.011141	0.000000	0.011141	33, 7L, 4D	
059003.000434	68556.303704	0.019802	0.020123	0.000000	0.020123	6, 1D	
059003.000435	68676.555811	0.012296	0.013491	0.000000	0.013491	12, 2L, 2D	
059003.000248	68801.6712500	0.0111083	0.0098708	0.0000000	0.0098708	36, 6L, 4D	
059003.000653	68890.195632	0.021061	0.020447	0.000000	0.020447	6, 1L, 1D	
059003.000249	68978.554599	0.010787	0.011206	0.000000	0.011206	27, 5L, 2D	
059003.000250	68987.080386	0.013202	0.011130	0.000000	0.011130	36, 11L, 11D	
059003.000251	69138.2690263	0.0095747	0.0096038	0.0000000	0.0096038	42, 10L, 4D	
059003.000252	69408.530769	0.017791	0.016079	0.000000	0.016079	20, 2L, 4D	
059003.000253	69431.010043	0.014858	0.013438	0.000000	0.013438	23, 2L, 2D	
059003.000254	69681.723406	0.044674	0.038118	0.000000	0.038118	8, 1L	
059003.000255	69686.227647	0.012453	0.011742	0.000000	0.011742	32, 11L, 5D	
059003.000256	69978.043722	0.020613	0.019499	0.000000	0.019499	20, 1L, 1D	
059003.000257	70381.485935	0.017483	0.015744	0.000000	0.015744	17, 3L	
059003.000631	70477.852598	0.029081	0.018523	0.000000	0.018523	8, 2L	
059003.000258	71021.198303	0.035357	0.023638	0.000000	0.023638	14, 4L, 2D	
059003.000259	71385.700328	0.027802	0.026997	0.000000	0.026997	15, 2L, 4D	
059003.000260	71501.104557	0.020475	0.017247	0.000000	0.017247	15, 2L, 2D	
059003.000261	71536.369864	0.013834	0.013167	0.000000	0.013167	20, 1L, 1D	
059003.000262	71592.373675	0.013637	0.013349	0.000000	0.013349	24, 1L, 3D	
059003.000263	71736.440804	0.018154	0.014762	0.000000	0.014762	23, 4L, 4D	
059003.000647	71767.243042	0.027221	0.028627	0.000000	0.028627	7	
059003.000264	71978.503501	0.011963	0.011918	0.000000	0.011918	27, 4L, 2D	
059003.000265	71994.817321	0.015991	0.014419	0.000000	0.014419	18, 3L, 2D	
059003.000645	72705.846384	0.030530	0.028729	0.000000	0.028729	8, 3L, 2D	
059003.000266	73030.046169	0.022536	0.022447	0.000000	0.022447	18, 5L, 3D	
059003.000267	73378.404661	0.017794	0.020089	0.000000	0.020089	15, 4L, 3D	
059003.000268	73606.110583	0.028851	0.024991	0.000000	0.024991	15, 3L, 3D	
059003.000269	73609.217954	0.033684	0.025451	0.000000	0.025451	12, 2L, 1D	
059003.000270	74105.266822	0.024162	0.024051	0.000000	0.024051	16, 4L, 3D	
059003.000271	74463.809065	0.030516	0.037229	0.000000	0.037229	11, 4L, 3D	
059003.000436	74619.692563	0.017991	0.017344	0.000000	0.017344	13, 2D	
059003.000437	74696.221301	0.021517	0.021194	0.000000	0.021194	15, 6L, 3D	
059003.000272	75294.125973	0.025206	0.020001	0.000000	0.020001	18, 1L	
059003.000273	75409.564943	0.019371	0.018156	0.000000	0.018156	21, 4L, 2D	
059003.000674	75481.217282	0.034103	0.024926	0.000000	0.024926	6, 2L	
059003.000274	75560.712931	0.014981	0.014348	0.000000	0.014348	17, 3L, 3D	
059003.000275	75614.818823	0.023275	0.027654	0.000000	0.027654	21, 5L, 4D	
059003.000276	75639.972856	0.016258	0.016938	0.000000	0.016938	16, 1L, 1D	
059003.000277	75762.198615	0.017029	0.018216	0.000000	0.018216	13, 1L, 2D	
059003.000438	75982.886013	0.021728	0.023140	0.000000	0.023140	10, 1L, 2D	
059003.000439	76130.437753	0.032448	0.025071	0.000000	0.025071	9, 4L, 2D	
059003.000440	76411.029805	0.020750	0.021780	0.000000	0.021780	14, 7L, 7D	
059003.000441	76534.695097	0.025903	0.025498	0.000000	0.025498	7, 2D	
059003.000278	76892.529806	0.045685	0.051274	0.000000	0.051274	6, 1L, 2D	
059003.000442	76894.597570	0.027447	0.026938	0.000000	0.026938	8	
059003.000279	77821.966357	0.018977	0.016806	0.000000	0.016806	12, 1L, 1D	
059003.000280	78312.877827	0.016632	0.019624	0.000000	0.019624	9, 2L, 2D	
059003.000281	78463.706031	0.027030	0.027204	0.000000	0.027204	17, 3L, 3D	
059003.000282	78694.579440	0.019752	0.018600	0.000000	0.018600	15, 3L, 3D	
059003.000283	78889.134612	0.017655	0.015650	0.000000	0.015650	18, 4L, 3D	
059003.000284	79136.229967	0.018296	0.016766	0.000000	0.016766	17, 3L, 5D	
059003.000285	79366.685260	0.021547	0.024779	0.000000	0.024779	14, 1L, 3D	
059003.000443	79377.148727	0.037857	0.036990	0.000000	0.036990	5	
059003.000444	79378.424023	0.018084	0.015806	0.000000	0.015806	9, 2L	
059003.000286	79395.557075	0.019476	0.018235	0.000000	0.018235	17, 6L, 2D	
059003.000287	79742.447169	0.019823	0.020913	0.000000	0.020913	7	
059003.000288	80164.022086	0.025486	0.020821	0.000000	0.020821	13, 3L	
059003.000289	80360.813165	0.021436	0.018007	0.000000	0.018007	15, 3L, 2D	
059003.000290	80897.829015	0.027651	0.021612	0.000000	0.021612	12, 3L	
059003.000291	80988.782606	0.022988	0.020317	0.000000	0.020317	12, 1L, 1D	
059003.000292	81404.538971	0.026104	0.022465	0.000000	0.022465	14, 3L	
059003.000445	82082.738826	0.029239	0.027771	0.000000	0.027771	12, 4L, 4D	
059003.000633	82084.058828	0.035257	0.026173	0.000000	0.026173	8, 3L, 1D	
059003.000293	82492.524289	0.044068	0.037677	0.000000	0.037677	9, 1L	
059003.000294	83025.936138	0.019664	0.019333	0.000000	0.019333	9	
059003.000641	83426.226575	0.032211	0.032278	0.000000	0.032278	6, 2L, 2D	
059003.000295	83426.605731	0.028241	0.029616	0.000000	0.029616	9, 3L, 3D	
059003.000296	83607.357574	0.024769	0.020935	0.000000	0.020935	15, 5L, 2D	
059003.000297	83703.470515	0.026536	0.023543	0.000000	0.023543	11, 2L, 1D	
059003.000446	84150.841811	0.087494	0.091314	0.000000	0.091314	7, 3L, 3D	
059003.000298	84270.559912	0.030677	0.029717	0.000000	0.029717	7, 1L, 2D	
059003.000447	84409.914765	0.017563	0.018380	0.000000	0.018380	11, 2L, 2D	
059003.000299	84410.686833	0.021870	0.021434	0.000000	0.021434	17, 2L, 2D	
059003.000300	84429.973235	0.031398	0.027599	0.000000	0.027599	7	
059003.000654	84588.672769	0.033734	0.023496	0.000000	0.023496	11, 3L, 4D	
059003.000643	84592.070290	0.025644	0.025095	0.000000	0.025095	8, 1L	
059003.000448	84690.217348	0.060786	0.062372	0.000000	0.062372	15, 4L, 6D	
059003.000449	84804.115229	0.026426	0.021379	0.000000	0.021379	10, 2L, 1D	
059003.000665	84914.946902	0.085760	0.051234	0.000000	0.051234	9, 4L, 3D	
059003.000301	84992.047657	0.040954	0.029706	0.000000	0.029706	8, 2L, 4D	
059003.000656	85186.721295	0.034067	0.025637	0.000000	0.025637	9, 4L, 4D	
059003.000302	85306.179140	0.022968	0.021506	0.000000	0.021506	11, 5L, 2D	
059003.000450	85982.354379	0.076697	0.074281	0.000000	0.074281	8, 1L, 1D	
059003.000676	86012.011287	0.063127	0.064401	0.000000	0.064401	8, 2L, 3D	
059003.000451	86390.517267	0.092731	0.062398	0.000000	0.062398	6, 2L	
059003.000452	86455.602892	0.098949	0.071152	0.000000	0.071152	9, 3L	
059003.000453	86938.523836	0.023523	0.023751	0.000000	0.023751	5, 1D	
059003.000303	87511.375638	0.046782	0.041066	0.000000	0.041066	18, 7L, 4D	
059003.000454	87726.716998	0.097236	0.069401	0.000000	0.069401	9, 4L, 2D	
059003.000660	87829.738960	0.060133	0.051344	0.000000	0.051344	9, 3L, 2D	
059003.000304	88210.150888	0.039256	0.085782	0.000000	0.085782	8, 3L, 5D	
059003.000305	88947.875192	0.066820	0.048333	0.000000	0.048333	15, 8L, 2D	
059003.000455	89969.80585	0.22915	0.11402	0.00000	0.11402	5, 3L, 1D	
059003.000657	90050.123371	0.059020	0.061559	0.000000	0.061559	8, 2L, 2D	
059003.000306	90119.941072	0.073588	0.055173	0.000000	0.055173	12, 7L, 2D	
059003.000658	90321.018826	0.058035	0.049701	0.000000	0.049701	13, 4L, 3D	
059003.000629	90481.307848	0.037151	0.043512	0.000000	0.043512	16, 6L, 6D	
059003.000307	90629.146548	0.042642	0.036996	0.000000	0.036996	16, 2L, 3D	
059003.000627	91197.856050	0.068505	0.046921	0.000000	0.046921	15, 6L, 4D	
059003.000626	92091.696212	0.038836	0.036664	0.000000	0.036664	15, 7L, 4D	
059003.000308	92441.620642	0.034302	0.032392	0.000000	0.032392	23, 3L, 1D	
059003.000309	92554.684511	0.050434	0.038780	0.000000	0.038780	17, 6L, 1D	
059003.000310	93296.366568	0.053459	0.044685	0.000000	0.044685	12, 1L	
059003.000311	93967.344626	0.045940	0.037702	0.000000	0.037702	18, 5L, 5D	
059003.000646	94876.560764	0.063296	0.046369	0.000000	0.046369	13, 6L, 3D	
059003.000659	95003.799079	0.060273	0.045214	0.000000	0.045214	12, 1L, 2D	
059003.000312	95147.811059	0.040531	0.033860	0.000000	0.033860	20, 5L, 2D	
059003.000313	96830.227257	0.088375	0.051735	0.000000	0.051735	16, 8L, 4D	
059003.000644	97740.224408	0.057760	0.046851	0.000000	0.046851	14, 3L, 3D	
059003.000456	99604.444833	0.062860	0.059282	0.000000	0.059282	7, 3L, 2D	
059003.000457	99938.945012	0.135389	0.097831	0.000000	0.097831	7, 2L, 2D	
059003.000541	100215.011405	0.011305	0.012977	0.000000	0.012977	12, 4L, 4D	
059003.000314	100321.104237	0.013295	0.014314	0.000000	0.014314	12	
059003.000315	100430.339958	0.011311	0.011546	0.000000	0.011546	12, 5L, 1D	
059003.000316	100625.022553	0.012355	0.014589	0.000000	0.014589	7, 2L, 1D	
059003.000317	100788.958043	0.012027	0.014435	0.000000	0.014435	11, 1L, 2D	
059003.000318	100947.148697	0.016349	0.016796	0.000000	0.016796	8, 1L, 2D	
059003.000319	101071.391024	0.024461	0.018924	0.000000	0.018924	7, 2L	
059003.000320	101165.297051	0.010661	0.012758	0.000000	0.012758	12, 1L, 2D	
059003.000321	101446.295450	0.011791	0.013064	0.000000	0.013064	11, 1L, 1D	
059003.000322	101665.535045	0.017151	0.021307	0.000000	0.021307	9, 3L, 4D	
059003.000323	101680.421888	0.012461	0.014718	0.000000	0.014718	8, 1L, 2D	
059003.000542	101777.962166	0.031851	0.037979	0.000000	0.037979	3, 1D	
059003.000324	102435.602713	0.010773	0.011790	0.000000	0.011790	14, 4L, 3D	
059003.000325	102484.637281	0.010435	0.013324	0.000000	0.013324	12, 2L, 5D	
059003.000326	102617.292640	0.012723	0.016347	0.000000	0.016347	11, 6L, 6D	
059003.000327	102830.440584	0.010296	0.012691	0.000000	0.012691	14, 5L, 5D	
059003.000328	102981.889071	0.010872	0.012781	0.000000	0.012781	12, 2L, 3D	
059003.000329	103308.524244	0.016077	0.017529	0.000000	0.017529	6	
059003.000330	103335.050210	0.022474	0.017510	0.000000	0.017510	9, 1L, 2D	
059003.000331	103344.319021	0.011948	0.012823	0.000000	0.012823	13, 4L, 3D	
059003.000332	103484.121667	0.020862	0.019513	0.000000	0.019513	6, 1L, 3D	
059003.000333	103805.390473	0.028132	0.021869	0.000000	0.021869	7, 2L	
059003.000334	103895.836140	0.014813	0.017050	0.000000	0.017050	8, 1L, 3D	
059003.000543	103973.355020	0.016654	0.019052	0.000000	0.019052	5, 1L, 3D	
059003.000335	104598.922326	0.011002	0.012782	0.000000	0.012782	10, 3L, 1D	
059003.000336	104788.618293	0.014455	0.013669	0.000000	0.013669	9, 2L	
059003.000337	104904.530417	0.012791	0.014200	0.000000	0.014200	8, 2L	
059003.000338	105019.059253	0.010706	0.012969	0.000000	0.012969	15, 3L, 5D	
059003.000339	105049.7061661	0.0088122	0.0134004	0.0000000	0.0134004	11	
059003.000544	105191.006453	0.020003	0.021277	0.000000	0.021277	5	
059003.000545	105338.450956	0.021830	0.027545	0.000000	0.027545	5, 2L, 5D	
059003.000340	105450.169211	0.018400	0.016309	0.000000	0.016309	7, 1L, 1D	
059003.000546	105485.254232	0.016722	0.021628	0.000000	0.021628	4, 1D	
059003.000547	105534.650699	0.027128	0.031120	0.000000	0.031120	3, 1L, 1D	
059003.000341	105566.618005	0.012909	0.016678	0.000000	0.016678	8, 1L, 1D	
059003.000342	105632.1089491	0.0090481	0.0127029	0.0000000	0.0127029	13	
059003.000548	106153.735267	0.020775	0.015895	0.000000	0.015895	7, 2L	
059003.000549	106224.188506	0.014655	0.016474	0.000000	0.016474	7	
059003.000550	106306.496782	0.038887	0.032089	0.000000	0.032089	5, 3L, 3D	
059003.000551	106384.532024	0.026065	0.026759	0.000000	0.026759	3, 1D	
059003.000552	106394.107973	0.011439	0.017526	0.000000	0.017526	9, 2L, 1D	
059003.000553	106468.397815	0.029447	0.030795	0.000000	0.030795	2	
059003.000343	106665.084750	0.026875	0.028081	0.000000	0.028081	6, 2L, 2D	
059003.000344	106745.623238	0.023890	0.020232	0.000000	0.020232	5, 1L, 2D	
059003.000345	107081.917064	0.018440	0.016906	0.000000	0.016906	8, 2L	
059003.000554	107177.852789	0.033172	0.027605	0.000000	0.027605	7, 2L, 1D	
059003.000555	107223.195299	0.015154	0.018456	0.000000	0.018456	6, 1L, 1D	
059003.000556	107262.758911	0.031479	0.028372	0.000000	0.028372	4, 1L, 1D	
059003.000346	107299.055471	0.024813	0.019396	0.000000	0.019396	8, 3L, 2D	
059003.000557	107403.953668	0.020740	0.018817	0.000000	0.018817	5, 2L	
059003.000558	107697.054104	0.017739	0.017682	0.000000	0.017682	8, 1L, 2D	
059003.000669	107755.299942	0.015615	0.017070	0.000000	0.017070	11, 4L, 5D	
059003.000347	107854.455026	0.028216	0.022259	0.000000	0.022259	11, 5L, 4D	
059003.000559	107978.530597	0.017096	0.019084	0.000000	0.019084	5, 1L	
059003.000625	108117.240651	0.033743	0.022084	0.000000	0.022084	5, 3L	
059003.000348	108559.425696	0.025807	0.021091	0.000000	0.021091	10, 2L, 2D	
059003.000560	108574.017389	0.023316	0.020796	0.000000	0.020796	8, 3L, 1D	
059003.000349	110295.404881	0.016446	0.022868	0.000000	0.022868	12, 2L, 4D	
059003.000350	110333.587886	0.022481	0.025075	0.000000	0.025075	16, 3L, 5D	
059003.000351	110531.136668	0.024392	0.035078	0.000000	0.035078	7, 3D	
059003.000671	110846.121733	0.015712	0.023468	0.000000	0.023468	8, 4L, 3D	
059003.000352	110881.133800	0.019113	0.023388	0.000000	0.023388	22, 4L, 7D	
059003.000353	110922.491705	0.019617	0.024905	0.000000	0.024905	19, 6L, 7D	
059003.000673	111073.148529	0.030024	0.025404	0.000000	0.025404	5, 2L, 2D	
059003.000354	111110.125154	0.019314	0.019876	0.000000	0.019876	16, 3L, 5D	
059003.000562	111193.213757	0.037135	0.031623	0.000000	0.031623	2	
059003.000355	111268.571673	0.027416	0.039488	0.000000	0.039488	13, 2L, 4D	
059003.000356	111335.035700	0.016528	0.024622	0.000000	0.024622	12, 1L, 3D	
059003.000357	111342.492525	0.013141	0.022003	0.000000	0.022003	24, 4L, 8D	
059003.000358	111494.607095	0.014551	0.023220	0.000000	0.023220	19, 2L, 3D	
059003.000458	111518.3622874	0.0089664	0.0134318	0.0000000	0.0134318	10, 1D	
059003.000668	111600.550362	0.017370	0.026498	0.000000	0.026498	6, 3L, 3D	
059003.000459	111728.868671	0.016402	0.017813	0.000000	0.017813	8, 4L, 2D	
059003.000460	111772.650356	0.018971	0.033867	0.000000	0.033867	10, 3L, 3D	
059003.000461	111779.123551	0.027394	0.053367	0.000000	0.053367	4, 1D	
059003.000462	111902.999187	0.023444	0.032122	0.000000	0.032122	10, 2L, 1D	
059003.000359	111992.981001	0.012650	0.014616	0.000000	0.014616	24, 5L, 4D	
059003.000360	112643.141730	0.012861	0.016988	0.000000	0.016988	17, 3L, 3D	
059003.000361	112769.732587	0.012136	0.017313	0.000000	0.017313	18, 2L, 4D	
059003.000463	112837.4455170	0.0097905	0.0133914	0.0000000	0.0133914	8	
059003.000362	112896.232102	0.020830	0.056614	0.000000	0.056614	11	
059003.000363	113023.573017	0.025121	0.062294	0.000000	0.062294	5, 1L, 1D	
059003.000464	113064.6957497	0.0097528	0.0127082	0.0000000	0.0127082	11, 2L, 2D	
059003.000364	113158.610800	0.012569	0.014660	0.000000	0.014660	25, 10L, 8D	
059003.000465	113211.6482138	0.0087444	0.0131322	0.0000000	0.0131322	13, 5L, 5D	
059003.000466	113225.665535	0.011220	0.014129	0.000000	0.014129	8, 3L, 2D	
059003.000365	113291.695242	0.016603	0.018638	0.000000	0.018638	27, 6L, 10D	
059003.000366	113556.839480	0.016272	0.027939	0.000000	0.027939	15, 2L, 2D	
059003.000367	113600.206932	0.019978	0.018351	0.000000	0.018351	22, 3L, 5D	
059003.000368	113630.914770	0.013128	0.016054	0.000000	0.016054	16, 4L, 4D	
059003.000369	113664.561055	0.011022	0.012565	0.000000	0.012565	19, 4L, 4D	
059003.000370	113780.327438	0.010505	0.015007	0.000000	0.015007	25, 3L, 4D	
059003.000371	113823.126256	0.025264	0.041395	0.000000	0.041395	9, 2L, 3D	
059003.000372	113833.819077	0.024566	0.062233	0.000000	0.062233	7, 2L, 1D	
059003.000563	113854.422434	0.044902	0.048041	0.000000	0.048041	8, 2L, 3D	
059003.000467	113854.841289	0.011131	0.013936	0.000000	0.013936	14, 1L, 3D	
059003.000468	113894.705846	0.012441	0.015901	0.000000	0.015901	22, 7L, 4D	
059003.000373	113914.087421	0.034110	0.030527	0.000000	0.030527	19, 4L, 3D	
059003.000374	114725.651588	0.015983	0.021920	0.000000	0.021920	8, 1L, 2D	
059003.000375	114797.119896	0.011863	0.016459	0.000000	0.016459	18, 1L, 3D	
059003.000376	114970.880124	0.040510	0.051371	0.000000	0.051371	2	
059003.000469	115094.0483942	0.0081589	0.0129746	0.0000000	0.0129746	11, 2L, 3D	
059003.000470	115176.1596368	0.0092969	0.0116749	0.0000000	0.0116749	13, 3L, 3D	
059003.000471	115218.679539	0.011623	0.013580	0.000000	0.013580	12, 1L, 3D	
059003.000377	115324.475087	0.016540	0.020474	0.000000	0.020474	21, 8L, 6D	
059003.000378	115403.202230	0.021882	0.021681	0.000000	0.021681	20, 8L, 6D	
059003.000379	115408.4135983	0.0093666	0.0128613	0.0000000	0.0128613	20, 3L, 4D	
059003.000380	115420.884961	0.016987	0.019049	0.000000	0.019049	21, 6L, 5D	
059003.000564	115439.622820	0.065433	0.067020	0.000000	0.067020	4, 2D	
059003.000472	115489.8061410	0.0088868	0.0136552	0.0000000	0.0136552	11, 2L, 3D	
059003.000381	115499.605015	0.021457	0.022350	0.000000	0.022350	23, 8L, 5D	
059003.000382	115670.049838	0.025543	0.027584	0.000000	0.027584	9, 2L, 3D	
059003.000383	115672.2729054	0.0095467	0.0148030	0.0000000	0.0148030	16, 3L, 3D	
059003.000473	115712.12309	0.14681	0.19556	0.00000	0.19556	5, 1L, 3D	
059003.000384	115800.060804	0.040033	0.032234	0.000000	0.032234	20, 8L, 5D	
059003.000474	115881.85021	0.12722	0.14277	0.00000	0.14277	7, 2L, 3D	
059003.000385	115933.148798	0.017392	0.018813	0.000000	0.018813	17, 2L, 3D	
059003.000475	115990.81947	0.10653	0.10805	0.00000	0.10805	8, 3L, 3D	
059003.000386	116021.748884	0.019444	0.026115	0.000000	0.026115	20, 5L, 7D	
059003.000630	116074.9929260	0.0094020	0.0131081	0.0000000	0.0131081	14, 5L, 3D	
059003.000476	116078.578930	0.010118	0.014281	0.000000	0.014281	17, 5L, 8D	
059003.000387	116238.885769	0.017912	0.016249	0.000000	0.016249	12, 1L, 4D	
059003.000388	116309.152473	0.013401	0.015635	0.000000	0.015635	22, 3L, 4D	
059003.000640	116327.455889	0.103241	0.077519	0.000000	0.077519	10, 2L, 2D	
059003.000389	116453.344494	0.090066	0.073116	0.000000	0.073116	18, 5L, 8D	
059003.000390	116489.763920	0.016127	0.023809	0.000000	0.023809	8, 2D	
059003.000624	116617.073006	0.026596	0.033804	0.000000	0.033804	13, 5L, 5D	
059003.000391	116727.219645	0.100748	0.099173	0.000000	0.099173	10, 2L, 5D	
059003.000477	116878.31917	0.10362	0.11252	0.00000	0.11252	10, 6L, 6D	
059003.000392	117044.528918	0.023939	0.038540	0.000000	0.038540	19, 4L, 8D	
059003.000393	117248.038559	0.022442	0.026979	0.000000	0.026979	10, 2L, 1D	
059003.000394	117323.12716	0.11479	0.10835	0.00000	0.10835	10, 2L, 4D	
059003.000478	117359.46086	0.22601	0.15019	0.00000	0.15019	3, 1L	
059003.000667	117369.352262	0.046912	0.049764	0.000000	0.049764	6, 1L, 1D	
059003.000479	117375.941833	0.010113	0.014795	0.000000	0.014795	11, 2L, 3D	
059003.000480	117385.0745374	0.0099328	0.0129372	0.0000000	0.0129372	13, 1L, 1D	
059003.000481	117397.7407988	0.0081069	0.0128668	0.0000000	0.0128668	15, 5L, 6D	
059003.000482	117507.936996	0.078789	0.071455	0.000000	0.071455	17, 5L, 6D	
059003.000395	117540.506822	0.101587	0.068599	0.000000	0.068599	11, 2L, 2D	
059003.000396	117574.544656	0.079702	0.087248	0.000000	0.087248	13, 2L, 4D	
059003.000398	117593.287670	0.083774	0.087369	0.000000	0.087369	12, 6L, 6D	
059003.000397	117647.263781	0.077483	0.072730	0.000000	0.072730	15, 2L, 6D	
059003.000483	117686.505167	0.081626	0.078899	0.000000	0.078899	13, 3L, 6D	
059003.000628	117712.658204	0.011385	0.013991	0.000000	0.013991	10, 3L, 2D	
059003.000399	117775.203415	0.012228	0.018103	0.000000	0.018103	14, 2L, 5D	
059003.000655	117889.190204	0.047078	0.038494	0.000000	0.038494	9, 3L, 1D	
059003.000400	118063.164718	0.014539	0.016745	0.000000	0.016745	8, 1L, 2D	
059003.000484	118069.09099	0.11591	0.14564	0.00000	0.14564	11, 7L, 9D	
059003.000401	118080.916338	0.103766	0.070402	0.000000	0.070402	17, 6L, 6D	
059003.000485	118201.542677	0.095117	0.099034	0.000000	0.099034	10, 2L, 5D	
059003.000402	118224.19084	0.11140	0.11172	0.00000	0.11172	8, 1L, 4D	
059003.000403	118271.589290	0.017964	0.019895	0.000000	0.019895	16, 4L, 4D	
059003.000675	118292.506494	0.070486	0.049052	0.000000	0.049052	7, 2L, 1D	
059003.000404	118318.527433	0.077002	0.067186	0.000000	0.067186	16, 4L, 6D	
059003.000405	118468.844772	0.082028	0.066484	0.000000	0.066484	16, 4L, 4D	
059003.000486	118588.777724	0.087690	0.116908	0.000000	0.116908	11, 5L, 7D	
059003.000406	118610.904878	0.015593	0.020303	0.000000	0.020303	14, 3L, 2D	
059003.000678	118669.987485	0.046044	0.073814	0.000000	0.073814	5, 3L, 2D	
059003.000487	118860.670568	0.016099	0.020250	0.000000	0.020250	16, 9L, 8D	
059003.000407	118879.025558	0.030373	0.029346	0.000000	0.029346	17, 6L, 7D	
059003.000488	118884.926640	0.020168	0.025269	0.000000	0.025269	17, 8L, 10D	
059003.000565	118967.499807	0.036550	0.037870	0.000000	0.037870	9, 3D	
059003.000489	118987.216989	0.092977	0.080564	0.000000	0.080564	14, 5L, 6D	
059003.000490	119019.240244	0.122847	0.099436	0.000000	0.099436	7, 3L, 2D	
059003.000491	119077.52557	0.14618	0.12919	0.00000	0.12919	5, 1L, 1D	
059003.000672	119498.594037	0.059256	0.045853	0.000000	0.045853	7, 2L, 2D	
059003.000650	119552.586703	0.042795	0.035595	0.000000	0.035595	8, 1L, 1D	
059003.000634	119809.288894	0.010469	0.017593	0.000000	0.017593	8, 2L, 3D	
059003.000635	119998.507716	0.010523	0.016612	0.000000	0.016612	13, 3L, 7D	
059003.000681	120014.845122	0.051767	0.046941	0.000000	0.046941	7	
059003.000408	120498.81214	0.12655	0.13525	0.00000	0.13525	8, 2L, 5D	
059003.000492	120715.61074	0.11651	0.10998	0.00000	0.10998	6, 1L, 1D	
059003.000409	121095.308042	0.092660	0.099535	0.000000	0.099535	9, 2L, 4D	
059003.000410	121119.360009	0.020860	0.023219	0.000000	0.023219	9, 1L, 2D	
059003.000566	121143.599667	0.086889	0.056871	0.000000	0.056871	4, 2L	
059003.000411	121382.576353	0.082350	0.080342	0.000000	0.080342	19, 4L, 9D	
059003.000493	121413.06433	0.11871	0.12713	0.00000	0.12713	15, 11L, 11D	
059003.000412	121431.218696	0.082852	0.081622	0.000000	0.081622	11, 1L, 3D	
059003.000413	121532.691540	0.019897	0.029396	0.000000	0.029396	15, 3L, 5D	
059003.000495	121583.01865	0.18863	0.13952	0.00000	0.13952	6, 2L, 1D	
059003.000670	121655.506399	0.031623	0.042473	0.000000	0.042473	7, 2L, 2D	
059003.000494	121673.16196	0.16948	0.11992	0.00000	0.11992	6, 4L, 1D	
059003.000496	122141.767550	0.020130	0.044412	0.000000	0.044412	10, 4L, 3D	
059003.000567	122932.794112	0.088337	0.067049	0.000000	0.067049	5	
059003.000680	122955.998474	0.031196	0.033898	0.000000	0.033898	4	
059003.000679	123577.367300	0.055082	0.047417	0.000000	0.047417	8, 2L, 1D	
059003.000568	124594.483762	0.066491	0.087827	0.000000	0.087827	3, 1L, 2D	
059003.000569	125145.280295	0.117990	0.072324	0.000000	0.072324	3, 1L	
059003.000570	126743.311427	0.052207	0.047030	0.000000	0.047030	7, 2L	
059003.000683	127453.469664	0.025124	0.033731	0.000000	0.033731	7	
059003.000414	128214.32859	0.12459	0.15105	0.00000	0.15105	5, 1L, 2D	
059003.000415	128352.91327	0.11501	0.14019	0.00000	0.14019	6, 1L, 4D	
059003.000416	128381.79763	0.13139	0.14009	0.00000	0.14009	5, 1L, 2D	
059003.000417	128453.22912	0.14027	0.10643	0.00000	0.10643	9, 3L, 4D	
059003.000497	128479.37029	0.19894	0.14562	0.00000	0.14562	5, 1L, 3D	
059003.000418	128568.605058	0.129153	0.090005	0.000000	0.090005	10, 5L, 2D	
059003.000498	128800.22544	0.13918	0.12330	0.00000	0.12330	5, 1D	
059003.000499	128913.052324	0.090418	0.101510	0.000000	0.101510	7, 2L, 2D	
059003.000571	129009.173959	0.019313	0.020605	0.000000	0.020605	6, 1L, 2D	
059003.000419	129105.926750	0.017071	0.019566	0.000000	0.019566	7, 1L	
059003.000572	129185.706208	0.033230	0.032354	0.000000	0.032354	4, 1L, 1D	
059003.000651	129454.445084	0.017145	0.016535	0.000000	0.016535	5, 2L	
059003.000649	129498.022032	0.019140	0.025209	0.000000	0.025209	4, 2L, 1D	
059003.000573	129744.094534	0.018193	0.020196	0.000000	0.020196	6, 1L	
059003.000652	129877.104897	0.020053	0.026211	0.000000	0.026211	4	
059003.000574	129934.461390	0.017725	0.020351	0.000000	0.020351	7, 1L, 2D	
059003.000575	130218.710920	0.024196	0.026559	0.000000	0.026559	3, 1L, 1D	
059003.000420	131200.152108	0.013095	0.016009	0.000000	0.016009	10, 3L, 2D	
059003.000421	131226.047038	0.010698	0.013441	0.000000	0.013441	14, 3L, 1D	
059003.000648	131665.027436	0.024260	0.027045	0.000000	0.027045	5	
059003.000639	131776.364278	0.013126	0.018890	0.000000	0.018890	6, 2L, 2D	
059003.000576	131788.054075	0.024716	0.027606	0.000000	0.027606	5, 1D	
059003.000632	131910.515910	0.013667	0.016948	0.000000	0.016948	6, 1L	
059003.000577	132070.143836	0.029733	0.025419	0.000000	0.025419	5, 3L, 1D	
059003.000500	132415.57621	0.18561	0.12520	0.00000	0.12520	5, 2L, 1D	
059003.000501	132651.75472	0.13440	0.16319	0.00000	0.16319	6, 2L, 4D	
059003.000502	132783.34741	0.15284	0.15429	0.00000	0.15429	6, 3D	
059003.000503	132876.380134	0.147645	0.094463	0.000000	0.094463	8, 3L, 1D	
059003.000638	132903.17524	0.11006	0.11890	0.00000	0.11890	6, 2L, 2D	
059003.000623	132957.92716	0.12169	0.12724	0.00000	0.12724	7, 3L, 4D	
059003.000504	133037.61280	0.21669	0.15704	0.00000	0.15704	4, 2L, 2D	
059003.000424	133078.21458	0.15758	0.15311	0.00000	0.15311	5	
059003.000505	133150.91667	0.13139	0.13236	0.00000	0.13236	5, 3D	
059003.000422	133194.43457	0.23713	0.24926	0.00000	0.24926	2, 1L, 1D	
059003.000423	133242.37691	0.24600	0.24665	0.00000	0.24665	1	
059003.000506	133307.42224	0.14464	0.15995	0.00000	0.15995	3, 1L, 1D	
059003.000507	133370.48168	0.10695	0.10115	0.00000	0.10115	7, 2D	
059003.000425	133373.142201	0.025910	0.030826	0.000000	0.030826	5, 1L, 1D	
059003.000426	133392.905521	0.011517	0.015890	0.000000	0.015890	11, 4L, 3D	
059003.000427	133503.722099	0.012721	0.015489	0.000000	0.015489	12, 2L, 1D	
059003.000508	133511.53883	0.11108	0.14251	0.00000	0.14251	8, 7D	
059003.000509	133566.58693	0.23791	0.23411	0.00000	0.23411	3	
059003.000510	133594.90362	0.13142	0.11237	0.00000	0.11237	7, 1L, 2D	
059003.000637	133624.37251	0.14770	0.11408	0.00000	0.11408	5, 1L, 1D	
059003.000511	133650.259886	0.030928	0.034028	0.000000	0.034028	3	
059003.000662	133945.385324	0.014431	0.017482	0.000000	0.017482	5, 2L, 1D	
059003.000512	134001.33181	0.20125	0.18408	0.00000	0.18408	5, 1D	
059003.000663	134004.083284	0.013574	0.016031	0.000000	0.016031	7, 2L, 3D	
059003.000514	134069.55801	0.17560	0.15944	0.00000	0.15944	6, 2L, 2D	
059003.000636	134074.297525	0.081144	0.078978	0.000000	0.078978	6, 1L, 2D	
059003.000516	134163.22827	0.15912	0.21044	0.00000	0.21044	5, 1L, 3D	
059003.000515	134163.38932	0.17943	0.19553	0.00000	0.19553	3, 3D	
059003.000517	134220.35150	0.14575	0.16895	0.00000	0.16895	6, 1D	
059003.000579	134402.217517	0.016507	0.019380	0.000000	0.019380	4	
059003.000580	134403.135157	0.019274	0.021286	0.000000	0.021286	5, 2L, 1D	
059003.000581	134405.522579	0.016032	0.023125	0.000000	0.023125	4, 2L, 2D	
059003.000578	134407.021283	0.013787	0.018731	0.000000	0.018731	5	
059003.000582	134426.041524	0.017664	0.023294	0.000000	0.023294	5, 2D	
059003.000666	134427.676768	0.013682	0.018737	0.000000	0.018737	4, 1D	
059003.000583	134428.845172	0.015648	0.026146	0.000000	0.026146	3	
059003.000584	134433.610276	0.015018	0.019360	0.000000	0.019360	4	
059003.000585	134454.327430	0.029891	0.038805	0.000000	0.038805	2	
059003.000586	134454.834310	0.017747	0.026642	0.000000	0.026642	2	
059003.000587	134480.169362	0.032930	0.041243	0.000000	0.041243	2	
059003.000588	134480.800004	0.013702	0.023799	0.000000	0.023799	4	
059003.000589	134488.528057	0.018667	0.041049	0.000000	0.041049	2, 1D	
059003.000590	134492.870668	0.025000	0.043076	0.000000	0.043076	1	
059003.000591	134496.283773	0.024000	0.048317	0.000000	0.048317	1, 1D	
059003.000518	134502.51505	0.21048	0.20263	0.00000	0.20263	4	
059003.000664	134696.631855	0.015971	0.017737	0.000000	0.017737	5	
059003.000519	134868.58223	0.16299	0.12340	0.00000	0.12340	5, 1L, 1D	
059003.000520	134932.28919	0.17152	0.13877	0.00000	0.13877	5, 1L, 1D	
059003.000428	135445.107426	0.059854	0.057430	0.000000	0.057430	9, 4D	
059003.000429	135868.560053	0.015126	0.020557	0.000000	0.020557	9, 1L, 2D	
059003.000521	135896.782427	0.080406	0.170000	0.000000	0.170000	3, 1D	
059003.000522	135926.90814	0.26844	0.22860	0.00000	0.22860	3	
059003.000677	136033.642842	0.167222	0.085970	0.000000	0.085970	5, 2L	
059003.000523	136034.205828	0.030783	0.033137	0.000000	0.033137	5	
059003.000524	136111.00482	0.25384	0.27522	0.00000	0.27522	3, 1D	
059003.000525	136326.43259	0.17587	0.16301	0.00000	0.16301	3, 1D	
059003.000526	136435.20079	0.19316	0.13860	0.00000	0.13860	5, 3L, 1D	
059003.000527	136485.30140	0.22877	0.16847	0.00000	0.16847	6, 3L, 1D	
059003.000592	136555.058158	0.020973	0.022460	0.000000	0.022460	2	
059003.000593	136555.524200	0.018446	0.015296	0.000000	0.015296	5, 2L	
059003.000594	136558.094054	0.015582	0.017027	0.000000	0.017027	5, 1L	
059003.000595	136559.687263	0.015939	0.020354	0.000000	0.020354	3	
059003.000596	136570.858009	0.013527	0.015316	0.000000	0.015316	5, 1L	
059003.000597	136572.248570	0.014639	0.015596	0.000000	0.015596	7, 1L, 1D	
059003.000598	136589.357560	0.017854	0.059688	0.000000	0.059688	2	
059003.000599	136589.543982	0.017784	0.020831	0.000000	0.020831	3, 1L, 1D	
059003.000601	136596.690489	0.013458	0.016063	0.000000	0.016063	5, 1L	
059003.000528	136606.81594	0.21511	0.17345	0.00000	0.17345	4	
059003.000602	136620.100810	0.025090	0.032816	0.000000	0.032816	4, 4L, 2D	
059003.000600	136638.490150	0.019155	0.019473	0.000000	0.019473	3, 1L	
059003.000603	136641.786331	0.042046	0.028946	0.000000	0.028946	2, 2L	
059003.000529	136643.44341	0.29626	0.29630	0.00000	0.29630	2	
059003.000605	136649.479017	0.025000	0.067124	0.000000	0.067124	1	
059003.000606	136650.823729	0.021390	0.061312	0.000000	0.061312	2	
059003.000604	136728.768112	0.018113	0.035595	0.000000	0.035595	3	
059003.000661	136902.700474	0.014384	0.020049	0.000000	0.020049	7, 1L, 2D	
059003.000530	137960.662701	0.030754	0.033450	0.000000	0.033450	4	
059003.000531	138035.142845	0.038042	0.161497	0.000000	0.161497	4, 2L, 1D	
059003.000532	138077.974290	0.031025	0.037654	0.000000	0.037654	2	
059003.000533	138342.71136	0.23473	0.23447	0.00000	0.23447	3	
059003.000534	138410.76024	0.32537	0.19729	0.00000	0.19729	4, 2L	
059003.000535	138445.52273	0.26364	0.22060	0.00000	0.22060	3	
059003.000608	138787.970676	0.011550	0.015607	0.000000	0.015607	5	
059003.000607	138788.595560	0.010778	0.013342	0.000000	0.013342	7, 1L	
059003.000609	138794.611443	0.012030	0.017149	0.000000	0.017149	4	
059003.000610	138796.528616	0.014176	0.019621	0.000000	0.019621	4, 1L, 1D	
059003.000611	138799.410030	0.022847	0.017631	0.000000	0.017631	4, 2L, 1D	
059003.000612	138799.919686	0.013786	0.017171	0.000000	0.017171	4	
059003.000613	138822.206683	0.016343	0.029014	0.000000	0.029014	4, 3L, 3D	
059003.000614	138822.433346	0.022572	0.028733	0.000000	0.028733	5, 2L, 2D	
059003.000615	138827.744470	0.020713	0.032324	0.000000	0.032324	2	
059003.000616	138833.567920	0.018489	0.037521	0.000000	0.037521	2, 1L, 1D	
059003.000536	138839.89976	0.25608	0.31103	0.00000	0.31103	3, 1L, 1D	
059003.000617	138871.026995	0.024016	0.023122	0.000000	0.023122	3, 1L, 1D	
059003.000618	138874.880317	0.014567	0.020583	0.000000	0.020583	4	
059003.000619	138883.767795	0.021361	0.027113	0.000000	0.027113	3, 2L	
059003.000620	138888.942124	0.025000	0.057132	0.000000	0.057132	1	
059003.000621	138895.925088	0.030742	0.028732	0.000000	0.028732	3, 2L	
059003.000537	138900.43588	0.22462	0.22172	0.00000	0.22172	3	
059003.000538	139081.541327	0.031120	0.035114	0.000000	0.035114	4	
059003.000682	141110.37952	0.24768	0.19504	0.00000	0.19504	5, 3L, 1D	
059003.000622	141440.822146	0.017679	0.023631	0.000000	0.023631	2	
