2808.8223	-0.00037	0.00435
2809.1341	+0.00016	0.00432
2812.6832	+0.00148	0.00905
2813.3375	+0.00602	0.00812
2814.5674	-0.00529	0.00570
2815.7131	-0.00225	0.00417
2819.9142	-0.00087	0.00481
2820.1720	-0.00110	0.00517
2823.6781	+0.00236	0.00651
2824.0108	+0.01474	0.01534
2826.6035	+0.00306	0.00426
2827.9097	-0.00154	0.02107
2828.4999	+0.00051	0.00488
2828.8174	+0.00356	0.00637
2829.8062	-0.00030	0.00434
2830.6344	-0.00238	0.01608
2835.9300	+0.00082	0.00430
2836.0187	-0.00270	0.00473
2836.8289	+0.00123	0.00516
2838.2024	+0.00183	0.00678
2839.2958	+0.00331	0.00786
2841.8124	+0.00382	0.00656
2842.6575	+0.00092	0.00422
2842.7746	-0.00207	0.00816
2844.2438	-0.00330	0.00448
2848.8031	-0.00649	0.00468
2849.3130	+0.00273	0.00423
2849.4551	-0.00747	0.00485
2850.8147	+0.00632	0.00767
2852.3240	+0.00570	0.00766
2853.2300	-0.00089	0.00449
2858.3852	+0.00129	0.00641
2858.5394	+0.00216	0.00528
2859.8719	-0.00041	0.00492
2860.8741	+0.00447	0.00452
2862.0051	+0.00923	0.00779
2862.7145	-0.00888	0.00662
2864.3857	+0.00614	0.00850
2864.6621	+0.00191	0.00770
2865.6580	-0.00248	0.00484
2866.3305	+0.00541	0.00477
2866.6864	+0.00499	0.00661
2870.8646	+0.00470	0.00847
2871.4164	-0.00173	0.00569
2877.0728	+0.00386	0.00573
2877.1689	+0.00447	0.00441
2879.0715	+0.00217	0.00749
2880.5478	+0.00416	0.00522
2881.1601	-0.00203	0.00662
2882.9262	+0.00533	0.00688
2883.3117	+0.00175	0.00454
2883.4638	+0.00120	0.00463
2885.8471	+0.00022	0.00815
2887.1244	+0.00251	0.00459
2887.7028	-0.01363	0.02382
2887.9216	+0.01195	0.00818
2888.0735	+0.00552	0.00451
2888.9928	-0.00040	0.00655
2889.7209	+0.00785	0.00683
2891.6895	+0.00123	0.00556
2893.9513	+0.00205	0.00551
2894.0343	+0.00146	0.00454
2896.4988	+0.00165	0.00481
2896.7867	+0.00196	0.00539
2898.0309	-0.00022	0.00445
2898.4852	+0.00354	0.00449
2899.4566	-0.00478	0.00688
2901.3428	+0.00014	0.00471
2901.6381	+0.00395	0.00574
2902.0619	+0.00235	0.00470
2906.6193	+0.00943	0.00798
2906.9321	+0.00186	0.00471
2910.2922	-0.00041	0.00789
2910.4083	+0.00100	0.00469
2911.0894	+0.00555	0.00458
2911.4643	+0.00504	0.00697
2912.6226	+0.00261	0.00840
2914.7382	+0.00221	0.00479
2914.9964	+0.01075	0.00707
2915.3423	+0.00418	0.00799
2916.7409	+0.00044	0.00555
2917.0370	+0.00299	0.00480
2922.4001	+0.00370	0.00470
2925.5171	+0.00266	0.00767
2927.2703	+0.00500	0.00700
2928.2918	+0.00154	0.00530
2928.7619	+0.00206	0.02481
2928.9867	+0.01087	0.03521
2929.1188	+0.00819	0.00524
2929.8431	+0.00879	0.00712
2931.0495	+0.00442	0.00713
2931.3703	+0.00383	0.00464
2933.3368	+0.00120	0.00620
2934.6854	+0.00379	0.00542
2936.0936	+0.00479	0.00484
2936.2598	+0.00187	0.00841
2937.1439	+0.01176	0.00827
2938.0663	+0.00406	0.00573
2940.9238	+0.00379	0.02814
2941.7561	+0.01019	0.00804
2943.2871	+0.00809	0.00734
2943.5884	+0.00277	0.00495
2944.4154	-0.00160	0.00476
2946.9370	+0.00404	0.00495
2947.0360	+0.00020	0.00823
2951.1872	+0.02009	0.01657
2952.1166	-0.00661	0.00884
2952.4217	+0.00767	0.00815
2953.1106	-0.00003	0.00808
2953.5318	+0.00496	0.00381
2954.4471	-0.00009	0.00692
2955.2592	-0.00021	0.00476
2957.2798	+0.00784	0.00503
2960.5815	+0.00241	0.00485
2961.4860	+0.00407	0.00564
2961.8117	+0.01344	0.00881
2962.2450	+0.00703	0.00491
2963.8974	+0.00122	0.00537
2964.2557	+0.00320	0.00712
2965.1787	+0.00363	0.00504
2965.7141	+0.00058	0.00711
2966.5089	+0.00671	0.00498
2969.6997	+0.00802	0.00701
2970.2791	+0.00803	0.00709
2970.5950	-0.00402	0.00895
2971.6815	+0.02987	0.01826
2972.1975	+0.00747	0.00498
2973.5807	+0.01382	0.01687
2974.7059	+0.00099	0.00524
2975.7804	+0.00430	0.00872
2975.9645	+0.00188	0.00499
2976.7059	+0.01722	0.00845
2977.2157	-0.00105	0.00754
2977.7289	+0.01197	0.00826
2977.9310	-0.00164	0.00720
2979.7766	-0.00317	0.00766
2980.6648	-0.00944	0.01713
2981.4069	-0.00166	0.00768
2981.4526	-0.00480	0.00911
2982.0711	+0.00470	0.00853
2982.3968	+0.00541	0.00718
2982.5240	+0.00949	0.00874
2983.1060	-0.00310	0.00875
2984.1276	+0.00222	0.00712
2984.8965	+0.00985	0.00728
2985.7976	+0.00578	0.01826
2986.6892	+0.00122	0.00733
2987.9333	+0.00025	0.00499
2989.9667	+0.00149	0.00520
2992.6177	+0.00693	0.00491
2993.8928	-0.00569	0.00927
2995.0744	+0.00648	0.00745
2995.6481	+0.00118	0.00494
2996.3838	+0.00493	0.00610
2996.7008	+0.00359	0.00489
2997.9900	+0.00133	0.00717
2998.4952	+0.00025	0.00477
2999.2283	+0.00609	0.00489
2999.6654	+0.00890	0.00829
3001.3347	+0.00597	0.00912
3001.9960	+0.00314	0.00512
3002.1202	+0.00439	0.00504
3003.4024	+0.00462	0.00524
3003.7202	+0.01055	0.01736
3004.0784	-0.00096	0.00749
3004.5343	+0.00135	0.00756
3004.8774	+0.00356	0.00900
3005.1816	+0.00263	0.00860
3005.7730	+0.01155	0.00862
3007.3452	+0.00595	0.00862
3008.3323	+0.00601	0.00848
3008.9168	+0.00554	0.00730
3011.4894	+0.00855	0.00914
3012.6935	-0.00188	0.00745
3013.3326	+0.00746	0.00847
3014.0880	-0.00164	0.00746
3014.1361	+0.00784	0.01748
3015.4833	+0.00646	0.00764
3016.0125	-0.00234	0.00857
3017.1375	+0.00061	0.00742
3019.5801	+0.00104	0.00885
3020.3953	+0.00160	0.00873
3022.2720	-0.00316	0.00500
3022.7920	+0.00266	0.00596
3025.1557	-0.00598	0.00937
3025.5046	-0.00024	0.04397
3026.1427	-0.00888	0.00742
3026.5649	-0.00181	0.00752
3026.6849	-0.00263	0.00516
3027.1043	-0.00167	0.00546
3027.9853	-0.00078	0.07438
3028.3623	+0.00086	0.00749
3030.2580	+0.00335	0.00844
3032.7644	+0.00143	0.00523
3033.9817	-0.00229	0.00925
3034.1921	-0.00582	0.00930
3035.0274	+0.00371	0.00862
3035.1300	+0.00076	0.00907
3035.1640	+0.00045	0.00683
3037.7970	+0.00234	0.00576
3038.4998	-0.00057	0.05455
3040.5645	-0.00306	0.00633
3040.9018	-0.00104	0.00501
3042.6662	-0.00560	0.00876
3043.2351	+0.00473	0.00760
3044.4837	-0.00319	0.00526
3045.0548	+0.00695	0.00666
3046.6980	-0.00732	0.00865
3047.8691	+0.00360	0.00883
3048.9569	-0.00545	0.00824
3050.9050	+0.00155	0.00958
3051.1900	+0.00106	0.00873
3051.9066	+0.00307	0.00596
3055.9042	+0.00329	0.00524
3056.1872	+0.00151	0.00761
3056.9689	+0.00176	0.00583
3058.3688	+0.00032	0.00531
3059.2820	+0.00460	0.04885
3059.7902	-0.00252	0.00889
3061.9498	+0.01036	0.00620
3062.1671	-0.00449	0.00847
3064.0683	-0.02311	0.01789
3067.6013	+0.00235	0.00882
3068.1716	+0.00159	0.14115
3069.2746	+0.00145	0.01820
3070.0499	+0.00897	0.00751
3070.2028	-0.00558	0.00937
3070.4930	+0.00383	0.00550
3070.7740	+0.00227	0.01015
3071.5653	+0.01722	0.01879
3072.5515	-0.01117	0.00619
3074.0487	+0.01762	0.00915
3076.8557	+0.00015	0.00912
3077.1257	+0.00062	0.00534
3079.5792	-0.00579	0.00764
3079.9336	+0.00137	0.00949
3081.0975	+0.00105	0.00888
3083.8696	-0.00215	0.00744
3084.2514	+0.00045	0.00568
3085.0057	-0.00064	0.00775
3088.0715	+0.02701	0.00945
3088.8707	+0.00391	0.00536
3089.2009	-0.00092	0.00541
3091.5083	-0.00068	0.00525
3092.3246	+0.00167	0.00526
3092.6527	+0.00737	0.00537
3092.8546	+0.00026	0.00535
3093.4585	-0.00133	0.00537
3095.4335	+0.00166	0.01952
3098.3511	+0.00028	0.00791
3099.3731	+0.00395	0.00881
3101.3927	-0.00199	0.00934
3101.9689	+0.00161	0.00927
3104.9159	-0.00447	0.00784
3109.3318	+0.00082	0.00588
3109.7861	+0.01092	0.01032
3114.4583	-0.00154	0.00590
3118.2169	+0.00144	0.00924
3119.8375	+0.00179	0.00582
3122.3342	+0.00470	0.00818
3122.5889	-0.00176	0.00564
3123.5514	-0.00427	0.00856
3123.9377	+0.00361	0.01878
3130.3658	+0.00099	0.00808
3134.4240	-0.00048	0.00557
3136.9890	+0.00549	0.01895
3139.5163	-0.00050	0.00557
3141.8481	-0.00286	0.00570
3144.4475	-0.00018	0.00846
3144.6907	+0.00011	0.00582
3148.7899	-0.00444	0.00801
3151.1151	+0.01109	0.01003
3154.6714	+0.00129	0.00574
3155.4393	+0.00327	0.00612
3160.8898	-0.03046	0.01946
3161.0308	-0.00839	0.00823
3162.2452	+0.01502	0.01062
3164.7895	+0.00049	0.00943
3168.1584	+0.00196	0.00945
3171.0625	-0.01263	0.01950
3173.8698	+0.00210	0.00825
3177.7548	-0.00850	0.01009
3179.1074	-0.00740	0.00902
3180.1014	-0.00357	0.00718
3182.8322	-0.00424	0.00729
3192.8959	+0.00051	0.00875
3196.8318	+0.00839	0.00868
3200.2037	+0.00484	0.00989
3200.3808	-0.00172	0.00998
3201.2488	+0.00657	0.00889
3207.4546	-0.03013	0.02038
3209.4940	-0.00099	0.00886
3209.5899	-0.03163	0.02002

c0	0.0	vary
c1	0.0	vary
