9038.1023	+0.01357	0.06613
9044.9231	+0.02145	0.05345
9070.0519	+0.00978	0.05335
9102.4818	+0.00770	0.04840
9134.4054	-0.00331	0.04972
9155.3921	-0.01925	0.05548
9179.9217	+0.01824	0.06677
9224.8509	+0.01042	0.05148
9230.0852	-0.00151	0.06194
9258.8541	+0.01148	0.07073
9268.1036	-0.00620	0.06024
9288.4801	+0.00360	0.04923
9309.4017	+0.01341	0.04957
9320.1786	+0.00518	0.06519
9323.0955	-0.00180	0.08616
9336.8932	+0.01097	0.05071
9357.5417	+0.00592	0.19270
9366.7112	-0.00817	0.04912
9380.0128	-0.04191	0.05100
9383.0957	+0.02306	0.07983
9386.8427	+0.00896	0.07159
9391.1388	+0.01331	0.05920
9427.9549	+0.01780	0.09007
9434.1305	-0.00063	0.05712
9448.8295	-0.00136	0.05097
9457.4548	-0.01892	0.05135
9509.0517	-0.01856	0.09437
9512.9488	-0.02588	0.07650
9531.5368	+0.00178	0.05338
9552.3865	-0.03461	0.05469
9582.3716	+0.00047	0.05302
9642.0238	-0.03150	0.09215
9655.4764	-0.00546	0.05835
9690.6250	+0.00826	0.05414
9704.0246	+0.03703	0.19822
9731.2510	-0.01909	0.05995
9733.3585	-0.02747	0.05771
9783.0590	-0.02013	0.05694
9805.6651	-0.01862	0.05818
9809.0570	-0.00260	0.06521
9879.6062	+0.01503	0.05905
9905.2371	-0.00756	0.18276
9937.0797	-0.04595	0.06108
9977.8558	-0.02519	0.06547
9993.8951	+0.00349	0.06174
10033.8479	-0.00535	0.05718
10163.1190	+0.04439	0.05889
10241.4322	+0.04368	0.05836
10304.4083	+0.04060	0.05847
10327.4205	+0.04968	0.06216

c0	0.0	vary
c1	0.0	vary
