828.1690	-0.00032	0.00222
828.3639	+0.00065	0.00254
829.3250	+0.00074	0.00186
830.0609	-0.00141	0.00264
830.3861	+0.00046	0.00187
831.2662	-0.00108	0.00190
831.8458	-0.00008	0.00257
831.9190	+0.00053	0.00268
832.1641	+0.00481	0.00228
832.6311	+0.00070	0.00259
833.4779	+0.00040	0.00260
834.6172	+0.00082	0.00234
836.2951	+0.00177	0.00234
836.7438	+0.00009	0.00243
837.2230	+0.00143	0.00244
837.7118	-0.00377	0.00223
839.3579	+0.00412	0.00435
839.5290	-0.00241	0.00264
839.6192	+0.00215	0.00232
839.9951	+0.00118	0.00262
840.0572	-0.00032	0.00190
840.2818	+0.00109	0.00261
840.4590	+0.00120	0.00264
840.8901	-0.00358	0.00209
841.7791	+0.00158	0.00231
841.9903	+0.00049	0.00224
842.3840	-0.00546	0.00234
842.4969	+0.00119	0.00224
843.3119	+0.00047	0.00363
843.3381	+0.00023	0.00364
843.8869	+0.00171	0.00192
844.3949	+0.00240	0.00200
845.0658	+0.00300	0.00267
845.2312	+0.00178	0.00194
845.7102	+0.00054	0.00227
846.5651	+0.00298	0.00194
848.6572	+0.00172	0.00367
849.8950	+0.00116	0.00270
850.0611	+0.00416	0.00200
850.1559	-0.00984	0.00491
850.3308	+0.00114	0.00878
851.1681	-0.00193	0.00246
851.8671	+0.00194	0.00261
853.3180	+0.00241	0.00373
853.4128	-0.00058	0.00227
856.1922	+0.00265	0.00284
856.2852	+0.00737	0.00229
857.0911	+0.00361	0.00200
857.2101	-0.00367	0.00256
857.3478	+0.00532	0.00247
857.7228	+0.00089	0.00375
859.2991	+0.00432	0.00251
861.4979	-0.00276	0.00249
862.2272	+0.00155	0.00240
862.4272	-0.00091	0.00380
862.8231	+0.00528	0.00258
863.3491	+0.00115	0.00260
864.3200	-0.00016	0.00279
864.5821	+0.00213	0.00258
868.4899	+0.00138	0.00271
870.8928	-0.00428	0.00255
871.9322	+0.00384	0.00292
872.5691	+0.00534	0.00246
874.0510	+0.00315	0.00390
874.4812	+0.00637	0.00257
876.3051	+0.00215	0.00440
879.8401	+0.00443	0.00288
881.5909	+0.00403	0.00261
884.1578	+0.00256	0.00214
885.2792	+0.00304	0.00263
885.5749	+0.00159	0.00303
886.2332	+0.00413	0.00244

c0	0.0	vary
c1	0.0	vary
