966.5310	-0.00194	0.00243
968.1402	+0.00373	0.00246
969.0900	+0.00110	0.00272
970.0649	-0.00396	0.00244
970.7269	+0.00193	0.00269
971.3583	+0.00588	0.00264
971.6748	+0.00154	0.00243
972.1480	-0.00168	0.00299
973.0998	-0.00095	0.00277
974.2308	+0.00168	0.00536
976.6760	+0.00010	0.00252
978.0009	+0.00351	0.00246
979.6939	+0.00007	0.00323
982.3397	-0.00188	0.00282
982.7091	-0.00183	0.00254
982.7961	-0.00058	0.00250
985.8801	-0.00078	0.00248
987.0228	-0.00028	0.00309
987.3441	-0.00126	0.00285
988.3531	-0.00005	0.00249
989.3810	-0.00083	0.00252
989.6269	-0.00070	0.00252
990.7502	+0.00127	0.00253
992.1689	-0.00281	0.00251
993.4218	-0.00096	0.00254
993.6418	-0.00190	0.00256
993.7949	-0.00115	0.00263
994.0752	-0.00019	0.00252
994.5982	+0.00117	0.00258
995.3772	+0.00064	0.00257
995.9572	-0.00360	0.00275
996.3208	+0.00145	0.00257
996.4249	-0.00058	0.00253
997.0479	-0.00284	0.00263
998.8272	+0.00776	0.00341
998.9311	-0.00191	0.00279
1000.0230	-0.00126	0.00257
1000.3511	-0.00157	0.00339
1000.5251	+0.00074	0.00280
1001.1972	+0.00239	0.00288
1001.2242	+0.00020	0.00286
1001.5282	+0.00021	0.00278
1002.8761	+0.00164	0.00261
1003.2583	+0.00169	0.00286
1003.3993	-0.00111	0.00379
1004.2590	+0.00155	0.00256
1004.5327	+0.00078	0.00253
1004.9120	+0.00012	0.00282
1005.2799	-0.00012	0.00294
1005.5840	-0.00033	0.00276
1005.6760	-0.00061	0.00285
1006.2212	-0.00254	0.00303
1006.3832	+0.00042	0.00340
1006.6812	-0.00350	0.00256
1006.8292	+0.00047	0.00254
1007.0879	-0.00103	0.00255
1007.3362	-0.00035	0.00256
1007.3921	+0.00298	0.00277
1007.8470	+0.00202	0.00256
1008.2850	-0.00100	0.00262
1008.5361	+0.00356	0.00265
1008.6118	+0.00228	0.00256
1008.9381	+0.00693	0.00297
1009.7501	+0.00360	0.00257
1010.0338	-0.00004	0.00263
1010.1530	-0.00022	0.00256
1010.5602	+0.00057	0.00264
1010.9139	+0.00000	0.00257
1011.3072	+0.00379	0.00259
1011.8089	-0.00044	0.00281
1012.1008	+0.00230	0.00257
1012.3002	+0.00093	0.00264
1012.7599	+0.00147	0.00259
1013.1422	+0.00315	0.00260
1013.3540	+0.00045	0.00261
1013.4619	+0.00089	0.00259
1013.7802	+0.00280	0.00261
1013.8410	+0.00082	0.00285
1014.2019	+0.00179	0.00259
1014.2308	-0.00442	0.00307
1014.6219	+0.00265	0.00260
1014.8151	+0.00201	0.00259
1015.1698	+0.00268	0.00258
1015.2739	+0.00307	0.00263
1015.3399	+0.00563	0.00305
1015.4688	-0.00141	0.00259
1015.6988	+0.00365	0.00260
1015.7298	+0.00268	0.00260
1015.7851	+0.00106	0.00283
1016.4709	+0.00124	0.00286
1016.7139	+0.00074	0.00306
1016.9909	+0.00101	0.00260
1017.2309	+0.00131	0.00262
1017.3103	+0.00236	0.00291
1017.3449	+0.00220	0.00290
1017.5158	+0.00134	0.00259
1018.2419	+0.00090	0.00288
1018.3732	+0.00920	0.00345
1018.5438	+0.00514	0.00262
1018.8901	+0.00058	0.00263
1018.9680	+0.00638	0.00261
1019.2070	+0.00258	0.00297
1019.3109	+0.00075	0.00260
1019.5341	+0.00394	0.00264
1019.6988	-0.00491	0.00264
1019.8899	+0.00412	0.00347
1019.9822	+0.00322	0.00329
1020.0521	+0.00285	0.00267
1020.1893	+0.00313	0.00338
1020.6091	+0.00239	0.00261
1020.9898	+0.00154	0.00269
1021.0393	-0.00240	0.00269
1021.1500	+0.00274	0.00351
1021.3522	+0.00383	0.00264
1021.5779	+0.00266	0.00269
1021.8649	+0.00228	0.00556
1022.0769	+0.00254	0.00262
1022.1459	+0.00128	0.00262
1022.3012	+0.00021	0.00351
1022.3948	+0.00474	0.00271
1022.5599	+0.00149	0.00265
1022.7562	-0.00180	0.00295
1022.8998	-0.00094	0.00368
1023.2230	+0.00310	0.00290
1023.2680	+0.00241	0.00267
1023.9762	+0.00170	0.00353
1024.0361	+0.00304	0.00327
1024.1231	-0.00099	0.00265
1024.2101	-0.00682	0.00286
1024.3581	+0.00064	0.00305
1025.1439	-0.00077	0.00271
1025.2433	+0.00175	0.00291
1025.6938	+0.00004	0.00511
1025.9989	+0.00341	0.00371
1026.0302	+0.00289	0.00321
1026.1830	+0.00284	0.00269
1026.2512	+0.00104	0.00281
1026.3328	-0.00024	0.00264
1026.4770	+0.00297	0.00271
1026.7058	+0.00234	0.00361
1026.9219	+0.00235	0.00265
1027.1462	+0.00453	0.00267
1027.2258	+0.00226	0.00267
1028.0291	+0.00354	0.00349
1028.1637	+0.00366	0.00299
1028.7112	+0.00137	0.00515
1028.9009	-0.00132	0.00271
1029.0320	+0.00421	0.00282
1029.1581	+0.00137	0.00264
1029.2121	-0.00003	0.00271
1029.3931	-0.00151	0.00296
1029.6309	-0.00404	0.00350
1029.7111	+0.00209	0.00267
1029.7852	+0.00111	0.00311
1030.0472	+0.00034	0.00269
1030.1250	+0.00246	0.00352
1030.1929	+0.00316	0.00265
1030.3289	+0.00316	0.00410
1030.4999	+0.00447	0.00273
1030.6868	-0.00001	0.00267
1030.8511	+0.00228	0.00307
1031.3598	+0.00274	0.00267
1031.4350	-0.00486	0.00358
1031.5361	+0.00591	0.00274
1031.8702	+0.00280	0.00295
1032.0832	+0.00432	0.00360
1032.1471	-0.00211	0.00345
1032.2209	+0.00390	0.00269
1032.2988	-0.00088	0.00530
1032.4500	+0.00207	0.00279
1032.4959	-0.00119	0.00266
1032.7978	+0.00099	0.00270
1033.2071	+0.00134	0.00323
1033.4240	+0.00458	0.00267
1033.5821	+0.00176	0.00270
1033.7381	+0.00155	0.00270
1033.7871	+0.00173	0.00314
1034.0450	-0.00215	0.00321
1034.1142	+0.00426	0.00267
1034.3380	-0.00191	0.00278
1034.8043	+0.00261	0.00542
1034.8260	-0.00351	0.00268
1034.9372	+0.00085	0.00270
1035.1110	+0.00363	0.00272
1035.2600	+0.00525	0.00297
1035.3122	+0.00063	0.00275
1035.5538	+0.00257	0.00333
1036.1511	+0.00329	0.00378
1036.1739	-0.00049	0.00540
1036.6229	+0.00498	0.00269
1036.8229	+0.00336	0.00275
1037.2322	+0.00263	0.00400
1037.3898	-0.00105	0.00533
1037.4790	+0.00492	0.00291
1037.7382	+0.00332	0.00308
1037.8621	+0.00533	0.00304
1038.0659	+0.00028	0.00273
1038.1863	+0.00551	0.00275
1038.2931	+0.00355	0.00271
1038.9621	+0.00278	0.00273
1039.1562	+0.00424	0.00304
1039.3800	-0.00139	0.00404
1039.7779	+0.00034	0.00323
1039.9431	-0.00057	0.00271
1040.0512	+0.00233	0.00279
1040.0818	+0.00130	0.00270
1040.1390	+0.00214	0.00368
1040.2471	+0.00388	0.00278
1040.5912	+0.00360	0.00270
1040.6458	+0.00156	0.00277
1040.8491	-0.00060	0.00313
1041.1450	+0.00323	0.00270
1041.2048	+0.00634	0.00277
1041.2600	+0.00129	0.00272
1041.4592	+0.00303	0.00274
1041.5628	+0.00040	0.00553
1041.7402	+0.00406	0.00275
1042.3061	+0.00085	0.00294
1042.4779	+0.00174	0.00403
1042.6508	+0.00473	0.00271
1042.8191	+0.00249	0.00364
1042.9639	+0.00352	0.00283
1043.1098	+0.00141	0.00271
1043.2229	+0.00305	0.00272
1043.2943	-0.00301	0.00271
1043.5012	+0.00181	0.00274
1043.6389	+0.00163	0.00304
1043.7968	+0.00409	0.00278
1043.8531	-0.00134	0.00277
1043.9700	-0.00330	0.00315
1044.0289	+0.00361	0.00290
1044.1170	+0.00137	0.00280
1044.2031	+0.00265	0.00283
1044.6080	+0.00272	0.00362
1044.8511	+0.00167	0.00272
1044.9091	+0.00291	0.00420
1044.9931	+0.00265	0.00320
1045.2479	+0.00079	0.00288
1045.4468	+0.00381	0.00307
1045.5110	+0.01159	0.00731
1045.7069	+0.00214	0.00272
1045.7649	-0.00216	0.00277
1045.8579	+0.00172	0.00617
1045.9002	-0.00068	0.00293
1046.0141	+0.00253	0.00274
1046.1949	+0.00206	0.00277
1046.5942	+0.00470	0.00276
1046.7792	+0.00588	0.00275
1047.2442	+0.00207	0.00305
1047.3519	+0.00240	0.00340
1047.3749	+0.00114	0.00307
1047.6250	+0.00423	0.00319
1047.7522	+0.00319	0.00277
1047.9662	+0.00169	0.00275
1048.1222	+0.00160	0.00318
1048.2552	+0.00448	0.00282
1048.4133	+0.00236	0.00276
1048.6432	+0.00256	0.00324
1048.7029	-0.00277	0.00312
1048.9229	+0.00108	0.00312
1048.9512	-0.00008	0.00304
1049.0859	+0.00241	0.00311
1049.2278	+0.00305	0.00340
1049.5460	+0.00511	0.00366
1050.0561	+0.00052	0.00279
1050.1070	-0.00015	0.00279
1050.3230	+0.00047	0.00280
1050.4332	+0.00347	0.00344
1050.5948	+0.00875	0.00276
1050.6520	+0.00087	0.00315
1050.7700	+0.00433	0.00280
1050.8813	+0.00273	0.00437
1050.9610	-0.00027	0.00347
1051.3128	+0.00446	0.00312
1051.3469	+0.00006	0.00342
1051.4230	+0.00003	0.00281
1051.5679	+0.00206	0.00278
1051.7323	+0.00670	0.00410
1051.7922	+0.00266	0.00286
1051.8510	+0.00007	0.00281
1051.9292	+0.00530	0.00345
1052.1331	+0.00413	0.00394
1052.4562	+0.00399	0.00280
1052.8152	+0.00237	0.00366
1053.1050	-0.00514	0.00328
1053.1770	+0.00946	0.00286
1053.4121	+0.00326	0.00370
1053.8761	+0.00354	0.00281
1054.2630	-0.00044	0.00278
1054.4409	+0.00337	0.00368
1054.5251	-0.00055	0.00314
1054.6131	+0.00213	0.00288
1055.0718	+0.00415	0.00344
1055.1429	+0.00187	0.00282
1055.2973	+0.00302	0.00304
1055.6678	+0.00136	0.00287
1055.8570	+0.00285	0.00346
1056.0299	+0.00218	0.00282
1056.3141	+0.00128	0.00344
1056.6190	-0.00066	0.00279
1057.3102	+0.00211	0.00283
1057.4902	+0.00227	0.00561
1057.8852	+0.00042	0.00315
1057.9031	-0.00685	0.00351
1058.1498	+0.00646	0.00288
1058.9482	+0.00289	0.00282
1059.0217	+0.00266	0.00283
1059.2808	+0.00019	0.00433
1059.4098	+0.00066	0.00373
1059.5870	+0.00316	0.00398
1059.6309	-0.00082	0.00341
1059.8218	+0.00239	0.00282
1060.0769	+0.00229	0.00284
1060.2499	+0.00269	0.00369
1060.4859	+0.00556	0.00306
1060.5463	+0.00323	0.00283
1060.7342	+0.00237	0.00379
1060.8571	+0.00089	0.00421
1060.9931	-0.00039	0.00292
1061.0509	+0.00051	0.00376
1061.0721	-0.00299	0.00342
1061.1202	+0.00154	0.00317
1061.1621	+0.00135	0.00340
1061.3279	+0.00366	0.00292
1061.5191	+0.00188	0.00286
1061.5991	+0.00143	0.00290
1061.6950	-0.00155	0.00290
1061.9091	-0.00315	0.00315
1061.9749	+0.00359	0.00289
1062.3560	+0.00220	0.00393
1062.6731	+0.00097	0.00314
1062.8190	-0.00014	0.00295
1062.9113	+0.00544	0.00383
1063.1039	+0.00657	0.00578
1063.2551	+0.00120	0.00320
1063.3618	+0.00343	0.00292
1063.6531	+0.00145	0.00423
1063.7460	+0.00369	0.00319
1064.5851	-0.00324	0.00351
1064.6398	-0.00015	0.00324
1064.7950	+0.00296	0.00373
1064.8741	+0.00119	0.00285
1064.9709	+0.00056	0.00285
1065.1281	+0.00373	0.00286
1065.3312	+0.00608	0.00290
1065.4641	+0.00352	0.00309
1065.5859	+0.00112	0.00292
1065.6252	+0.00075	0.00339
1066.0342	+0.00258	0.00293
1066.0890	+0.00161	0.00400
1066.4651	+0.00278	0.00290
1066.5200	+0.00136	0.00374
1066.5700	-0.00013	0.00286
1066.8962	+0.00153	0.00317
1067.0001	+0.00276	0.00379
1067.0682	+0.00353	0.00352
1067.1672	-0.00428	0.00317
1067.4159	+0.00215	0.00293
1067.5028	+0.00112	0.00353
1067.7792	+0.00340	0.00284
1067.8479	+0.00942	0.00558
1067.9502	+0.00164	0.00351
1068.2700	+0.00937	0.00315
1068.3968	+0.00081	0.00374
1068.7609	+0.00246	0.00561
1068.8521	+0.00153	0.00321
1069.1081	+0.00354	0.00304
1069.2649	+0.00218	0.00295
1069.3850	+0.00061	0.00311
1069.5199	+0.00457	0.00352
1069.6219	+0.00106	0.00354
1069.7099	+0.00354	0.00289
1069.7681	+0.00278	0.00332
1070.3360	+0.00229	0.00355
1070.5539	+0.00149	0.00289
1070.6169	+0.00070	0.00426
1070.7499	+0.00252	0.00312
1071.2131	+0.00172	0.00392
1071.4220	+0.00417	0.00290
1071.4872	+0.00283	0.00590
1071.8652	+0.00236	0.00296
1071.9678	-0.00228	0.00288
1072.0090	+0.00074	0.00292
1072.0758	+0.00964	0.00364
1072.1079	-0.00141	0.00329
1072.2368	+0.00236	0.00355
1072.3422	+0.00364	0.00293
1072.4251	+0.00045	0.00311
1072.4662	+0.00560	0.00292
1072.5289	+0.00144	0.00290
1072.6000	-0.00020	0.00324
1073.3080	+0.00342	0.00380
1073.3401	+0.00520	0.00571
1073.8011	-0.00325	0.00384
1073.9013	+0.00217	0.00442
1074.1712	+0.00260	0.00287
1074.3529	+0.00064	0.00325
1074.4740	+0.00106	0.00290
1074.5897	+0.00443	0.00313
1074.6690	+0.00413	0.00335
1074.7259	+0.00171	0.00318
1074.8550	-0.00619	0.00379
1075.1472	+0.00697	0.00321
1075.5322	+0.00289	0.00420
1075.5650	+0.00377	0.00341
1075.5859	-0.00735	0.00327
1075.7071	-0.00001	0.00289
1076.3252	+0.00111	0.00317
1076.7901	+0.00025	0.00294
1076.8309	+0.00556	0.00303
1077.3819	+0.00191	0.00296
1077.4512	+0.00478	0.00298
1077.5710	+0.00193	0.00323
1077.7419	-0.00045	0.00325
1077.8510	+0.00648	0.00344
1077.9719	+0.00584	0.00334
1078.5160	+0.00012	0.00317
1078.6719	+0.00036	0.00298
1079.0581	-0.00267	0.00328
1079.0780	-0.00497	0.00353
1079.2680	+0.00119	0.00298
1079.4520	-0.00002	0.00297
1079.7270	-0.00254	0.00585
1079.9208	+0.00547	0.00293
1079.9472	-0.00021	0.00291
1080.0188	+0.00193	0.00295
1080.1098	+0.00215	0.00319
1080.1868	+0.00202	0.00296
1080.4588	+0.00103	0.00439
1080.5530	+0.00018	0.00388
1080.8978	+0.00025	0.00297
1081.2099	-0.00062	0.00301
1081.2519	+0.00110	0.00293
1081.3559	+0.00214	0.00364
1081.5742	+0.00196	0.00386
1081.7462	+0.00250	0.00296
1081.8071	+0.00068	0.00296
1082.4452	+0.00191	0.00320
1082.7037	+0.00155	0.00296
1082.8812	+0.00029	0.00309
1083.0011	+0.00046	0.00295
1083.3482	+0.00126	0.00347
1083.3930	+0.00407	0.00303
1083.6971	+0.00081	0.00341
1083.7473	+0.00272	0.00362
1083.8759	+0.00538	0.00301
1084.0709	+0.00384	0.00295
1084.1568	-0.00040	0.00331
1084.9762	+0.00300	0.00333
1085.1119	-0.00619	0.00307
1085.2828	-0.00028	0.00390
1085.4348	+0.00535	0.00295
1085.5311	-0.00278	0.00295
1085.8281	+0.00205	0.00296
1085.9152	+0.00438	0.00297
1086.2800	+0.00155	0.00299
1086.3211	+0.00088	0.00301
1086.3882	+0.00450	0.00304
1086.5382	+0.00093	0.00392
1086.5978	+0.00214	0.00306
1086.7001	+0.00262	0.00320
1086.9931	-0.00079	0.00299
1087.1642	+0.00034	0.00328
1087.2520	+0.00017	0.00307
1087.3620	+0.00601	0.00295
1087.4178	-0.00002	0.00302
1087.4649	-0.00019	0.00296
1087.6009	+0.00197	0.00303
1087.8041	-0.00240	0.00338
1088.1250	-0.00056	0.00366
1088.2839	+0.00306	0.00298
1088.3533	+0.00350	0.00300
1088.5718	+0.00313	0.00297
1088.6591	+0.00245	0.00305
1088.8788	+0.00646	0.00384
1088.9331	+0.00199	0.00306
1089.4643	+0.00071	0.00398
1089.5712	-0.00047	0.00368
1089.9208	+0.00373	0.00301
1090.0061	+0.00063	0.00309
1090.3661	+0.00003	0.00473
1090.5361	-0.00454	0.00305
1090.8388	-0.00001	0.00301
1090.8762	-0.00076	0.00300
1091.0469	-0.00020	0.00302
1091.4769	-0.00083	0.00448
1091.5551	-0.00110	0.00313
1091.6759	+0.00357	0.00399
1091.9831	-0.00249	0.00300
1092.0320	-0.00227	0.00304
1092.3252	-0.00392	0.00472
1092.4809	+0.00012	0.00347
1092.9102	-0.00060	0.00307
1093.1851	+0.00080	0.00306
1093.2532	-0.00075	0.00303
1093.5211	+0.00076	0.00369
1093.6011	+0.00431	0.00373
1094.2549	+0.00027	0.00309
1094.4859	-0.00089	0.00301
1094.6369	+0.00507	0.00301
1094.7672	-0.00116	0.00307
1094.8321	+0.00713	0.00309
1094.8779	-0.00136	0.00306
1094.9280	+0.00180	0.00324
1095.7658	-0.00158	0.00374
1095.8558	-0.00274	0.00301
1096.1210	-0.00209	0.00305
1097.1480	-0.00262	0.00304
1097.9671	+0.00328	0.00302
1098.1639	-0.00055	0.00329
1098.2431	+0.00119	0.00312
1098.2962	-0.00094	0.00310
1098.5061	-0.00076	0.00303
1098.7348	+0.00201	0.00304
1098.9809	+0.00103	0.00373
1099.0449	-0.00246	0.00311
1099.3891	+0.00062	0.00304
1099.5051	-0.00027	0.00304
1099.8029	+0.00167	0.00342
1100.3888	-0.00095	0.00338
1100.5147	-0.00541	0.00333
1100.6730	+0.00063	0.00308
1101.6600	-0.00359	0.00403
1101.7571	-0.00121	0.00307
1101.9391	+0.00020	0.00383
1102.3922	-0.00191	0.00309
1102.9381	+0.00519	0.00309
1103.0348	-0.00196	0.00335
1103.1500	-0.00705	0.00350
1103.1851	-0.00473	0.00309
1103.3542	+0.00204	0.00308
1103.6051	-0.00104	0.00314
1103.7798	-0.00181	0.00333
1104.1731	-0.00027	0.00312
1104.3890	+0.00213	0.00354
1104.5248	-0.00261	0.00310
1104.7210	-0.00123	0.00609
1104.8430	-0.00101	0.00315
1105.3862	-0.00425	0.00311
1105.4918	+0.00479	0.00306
1105.9621	-0.00616	0.00397
1106.0600	-0.00105	0.00308
1106.2521	-0.00477	0.00310
1106.3110	-0.00251	0.00316
1106.4227	-0.00115	0.00316
1106.5669	-0.00155	0.00335
1106.7552	-0.00442	0.00321
1106.9479	-0.00439	0.00308
1107.8810	-0.00204	0.00352
1107.9108	-0.00424	0.00468
1107.9979	-0.00782	0.00382
1108.1152	-0.00588	0.00309
1108.6478	-0.00300	0.00312
1108.8170	-0.00127	0.00338
1109.0112	-0.00352	0.00322
1109.8012	-0.00620	0.00416
1110.0822	-0.00759	0.00386
1110.1722	-0.00381	0.00313
1110.5200	-0.00348	0.00312
1110.6559	-0.00327	0.00309
1111.0348	+0.00263	0.00345
1111.1171	+0.00738	0.00321
1111.1740	-0.00814	0.00326
1111.3730	+0.00310	0.00311
1111.4752	-0.00276	0.00346
1111.5388	+0.00026	0.00410
1111.6941	-0.00436	0.00312
1111.9019	-0.00270	0.00311
1112.0501	-0.00379	0.00313
1112.1618	-0.00321	0.00314
1112.2679	-0.00424	0.00338
1112.4001	-0.00332	0.00313
1112.5489	-0.00306	0.00314
1112.5821	-0.00597	0.00353
1112.9649	-0.00400	0.00326
1113.4890	-0.00554	0.00313
1113.7531	-0.00210	0.00312
1114.2282	-0.00012	0.00336
1114.4359	-0.00197	0.00314
1114.5811	-0.00527	0.00362
1114.9119	-0.00208	0.00314
1115.3531	-0.00384	0.00327
1115.4290	-0.00102	0.00424
1115.5710	-0.00447	0.00315
1115.7251	-0.00257	0.00320
1116.1389	+0.00168	0.00315
1116.2642	-0.00571	0.00345
1116.3819	-0.00340	0.00478
1116.5161	-0.00502	0.00312
1116.6809	-0.00224	0.00316
1117.2299	-0.00436	0.00313
1117.8030	-0.00353	0.00388
1117.9041	-0.00280	0.00323
1117.9769	-0.00195	0.00316
1118.0269	-0.00088	0.00323
1118.3952	-0.00203	0.00317
1118.5081	-0.00465	0.00318
1118.7232	-0.00350	0.00322
1119.2408	-0.00408	0.00319
1119.4699	-0.00584	0.00316
1119.5550	-0.00289	0.00416
1119.6980	-0.00425	0.00315
1120.3000	-0.00307	0.00317
1120.4631	-0.00378	0.00335
1120.5772	-0.00357	0.00315
1120.7069	-0.00200	0.00319
1121.4521	-0.00514	0.00316
1122.0048	+0.00013	0.00392
1122.3860	-0.00393	0.00323
1122.8031	-0.00056	0.00418
1123.1031	-0.00392	0.00323
1123.6471	-0.00644	0.00319
1123.7080	-0.00226	0.00333
1123.9200	-0.00474	0.00319
1124.0138	+0.00027	0.00320
1124.6681	-0.00417	0.00324
1125.3552	+0.00016	0.00321
1125.4419	-0.00150	0.00356
1125.5961	-0.00343	0.00328
1125.7252	-0.00067	0.00631
1125.8951	-0.00424	0.00323
1126.2821	-0.00485	0.00349
1126.6232	-0.00738	0.00326
1127.0299	-0.00162	0.00471
1127.3668	-0.00449	0.00322
1129.0541	-0.00481	0.00331
1129.8860	-0.00161	0.00332
1130.1530	-0.00155	0.00352
1130.6539	-0.00475	0.00327
1130.7532	-0.00149	0.00326
1131.2831	-0.00552	0.00331
1131.5581	-0.00429	0.00332
1131.7188	-0.00070	0.00327
1131.9731	-0.00240	0.00322
1132.8508	-0.00194	0.00366
1133.2719	-0.00344	0.00338
1133.4832	-0.00409	0.00424
1134.2983	-0.00283	0.00335
1134.4620	-0.00546	0.00332
1134.7508	-0.00434	0.00325
1135.0041	-0.00224	0.00329
1135.2681	+0.00089	0.00434
1135.6539	-0.00495	0.00484
1135.8348	-0.00503	0.00328
1135.9271	-0.00210	0.00439
1136.4839	-0.00756	0.00327
1136.5510	-0.00584	0.00336
1136.6282	-0.00481	0.00336
1136.7088	-0.00269	0.00384
1136.8520	-0.00561	0.00329
1137.1971	-0.00531	0.00329
1137.7138	-0.00210	0.00331
1137.8091	-0.00100	0.00348
1137.8858	-0.00390	0.00330
1138.2311	-0.00603	0.00329
1138.7121	-0.00142	0.00434
1138.8222	-0.00475	0.00330
1139.0899	-0.00656	0.00410
1139.6881	-0.00294	0.00331
1140.4131	-0.00281	0.00339
1141.2620	-0.00581	0.00336
1141.4651	-0.00891	0.00333
1141.6971	-0.00503	0.00333
1141.7950	-0.00553	0.00650
1141.8680	-0.00610	0.00363
1142.0118	-0.00326	0.00408
1142.6900	-0.00948	0.00436
1142.7880	-0.00417	0.00331
1143.0202	+0.00566	0.00381
1143.2440	-0.00438	0.00484
1143.3420	-0.00667	0.00333
1143.9370	-0.00724	0.00331
1145.4559	-0.00515	0.00340
1146.0598	-0.00323	0.00331
1146.3460	-0.00457	0.00337
1146.5999	-0.00251	0.00359
1146.6589	-0.00503	0.00361
1146.7169	-0.00613	0.00331
1148.1360	-0.00589	0.00435
1148.4931	-0.00227	0.00667
1148.8361	-0.00355	0.00369
1148.9790	-0.00551	0.00336
1149.1799	-0.00792	0.00351
1149.7399	-0.00444	0.00336
1150.5179	-0.00510	0.00367
1150.9560	-0.00257	0.00345
1151.4740	-0.00596	0.00347
1151.5299	-0.00490	0.00454
1151.7180	-0.00651	0.00380
1151.8629	-0.00428	0.00345
1151.9222	-0.00428	0.00430
1152.3471	-0.00574	0.00349
1153.7962	-0.00366	0.00347
1154.7050	-0.00720	0.00346
1155.7471	-0.00611	0.00677
1155.8712	-0.00530	0.00347
1156.4101	-0.00526	0.00351
1157.2789	-0.00465	0.00348
1157.9639	-0.00523	0.00385
1158.8709	-0.00553	0.00349
1159.4970	-0.01049	0.00349
1159.8181	-0.00690	0.00351
1160.4091	-0.00538	0.00350
1160.8211	-0.00698	0.00348
1160.8918	-0.00681	0.00356
1161.4601	-0.00569	0.00351
1161.5320	-0.00721	0.00413
1163.8052	+0.00593	0.00352

c0	0.0	vary
c1	0.0	vary
