3256.8590	+0.00370	0.01022
3258.3945	-0.00615	0.00871
3258.9657	-0.00970	0.01014
3261.3691	+0.00164	0.00634
3263.2605	+0.00215	0.00878
3264.6162	-0.00869	0.00866
3265.0579	-0.00206	0.00708
3265.3521	+0.00274	0.00583
3265.4610	-0.00392	0.00893
3266.7887	-0.00093	0.01012
3271.5608	-0.00431	0.01148
3272.9980	-0.00324	0.00678
3275.9798	+0.00328	0.01066
3277.4401	+0.01025	0.00767
3281.8615	-0.00959	0.00912
3283.5366	-0.00103	0.00691
3288.1930	-0.00984	0.01053
3288.5229	-0.00168	0.00666
3291.5730	+0.01531	0.02102
3293.5312	-0.00781	0.01046
3294.5326	-0.00430	0.00922
3294.8329	-0.00619	0.01050
3295.8201	-0.00682	0.01125
3297.0441	-0.00978	0.01041
3300.6273	+0.00032	0.00667
3303.4438	-0.00342	0.00668
3304.6872	+0.02382	0.02109
3305.6103	+0.00508	0.02129
3307.0870	-0.01758	0.01095
3311.1958	+0.00003	0.00680
3315.1079	+0.00037	0.00689
3318.5096	+0.00876	0.01045
3321.2914	-0.00858	0.00922
3321.3475	+0.00405	0.01053
3323.1589	-0.01045	0.01035
3323.3479	-0.00200	0.00832
3325.8414	+0.00022	0.00656
3328.4461	+0.00206	0.00895
3328.8131	-0.00040	0.00630
3329.8036	-0.01311	0.00893
3332.7813	-0.00712	0.00891
3334.2168	+0.00003	0.00910
3337.7304	+0.00285	0.00629
3338.5379	-0.00140	0.00635
3338.7646	-0.00521	0.00662
3340.4304	-0.01298	0.00977
3341.5425	-0.01218	0.00895
3342.3947	-0.01319	0.00937
3342.6427	-0.01712	0.00918
3342.9150	+0.00183	0.00615
3343.1631	-0.00721	0.01068
3346.3470	+0.00339	0.00930
3346.4030	+0.01074	0.01099
3346.6328	+0.00026	0.00622
3351.5110	+0.00319	0.00635
3352.0332	+0.00268	0.00625
3354.8299	-0.01201	0.00957
3355.8782	+0.00739	0.00937
3356.4895	+0.00247	0.00618
3358.5279	-0.01984	0.01142
3359.0480	-0.01466	0.01099
3359.5480	+0.00059	0.01066
3360.3796	+0.01407	0.01134
3360.9387	-0.00479	0.00950
3361.3668	+0.00501	0.00716
3361.8646	+0.00324	0.00674
3364.0451	-0.00084	0.00741
3365.1756	-0.00391	0.01080
3365.4896	+0.00733	0.01138
3366.0957	-0.00254	0.00732
3366.7710	+0.00939	0.01049
3368.3176	+0.01219	0.00917
3368.5494	-0.01895	0.00934
3369.3054	-0.00005	0.00659
3371.4910	+0.00315	0.00619
3372.8927	-0.01199	0.01072
3378.1111	+0.00682	0.00962
3378.9422	-0.00151	0.02208
3380.1015	+0.01323	0.01060
3381.1837	+0.01404	0.00947
3382.2301	-0.01443	0.00927
3382.3912	+0.00751	0.01100
3382.8129	+0.01086	0.00957
3385.9739	-0.00232	0.02993
3387.5394	-0.00401	0.00691
3388.1616	+0.00148	0.01061
3392.0506	-0.00003	0.00978
3395.1892	+0.00449	0.00690
3397.0437	+0.00308	0.00766
3397.5999	+0.01317	0.00969
3398.4312	-0.02010	0.01098
3398.7620	-0.01161	0.00956
3399.5624	+0.00561	0.00754
3400.1823	-0.00330	0.00959
3400.7637	+0.00850	0.00666
3403.9457	-0.00788	0.01151
3413.5858	+0.00685	0.01209
3414.1892	-0.00635	0.02263
3415.2724	+0.00719	0.00696
3416.1314	+0.00681	0.00961
3416.6938	-0.00028	0.00675
3417.3688	+0.00265	0.00740
3418.5872	-0.00029	0.00687
3420.0184	+0.00165	0.00686
3421.0516	+0.00818	0.00968
3423.2036	-0.01447	0.01118
3427.0996	+0.00414	0.00817
3427.2493	+0.01908	0.02270
3428.0008	+0.01160	0.01141
3428.8546	-0.01244	0.02757
3430.3990	-0.00362	0.01115
3431.2106	-0.00101	0.01152
3437.3429	+0.00170	0.01146
3441.6089	-0.01678	0.01135
3446.2755	+0.00426	0.01173
3450.3805	+0.00205	0.00787
3453.9163	+0.00629	0.01159
3455.0406	-0.00315	0.01015
3463.4239	+0.00041	0.01300
3463.6917	-0.00653	0.01203
3475.3056	-0.00342	0.01137
3476.0957	-0.00457	0.00981
3478.9649	-0.00049	0.00663
3482.0774	-0.00854	0.01522
3484.1969	-0.00069	0.00695
3489.7957	-0.00268	0.00705
3496.5650	+0.01719	0.02341
3496.9655	-0.02675	0.02346
3500.3144	-0.00113	0.00670
3508.2341	-0.00371	0.00690
3510.1455	-0.00661	0.01256
3512.3671	-0.00205	0.00763
3513.5118	-0.00239	0.00761
3516.8594	+0.00646	0.01153
3518.5260	-0.00203	0.00783
3523.0420	-0.00769	0.01184
3523.6420	-0.01182	0.01226
3532.9718	+0.00050	0.00813
3533.2739	-0.00136	0.01026
3543.9983	+0.00359	0.00843
3545.1298	-0.00233	0.00756
3547.0764	-0.01641	0.01226
3548.9748	-0.00183	0.00753
3560.6196	+0.00442	0.01072
3564.0367	-0.00959	0.01068
3565.4231	-0.00192	0.01308
3566.8632	+0.00225	0.01224
3568.9160	+0.01288	0.02480
3569.4371	+0.00127	0.00782
3577.8072	-0.00130	0.00800
3578.3575	-0.01369	0.01055
3578.9404	-0.00733	0.01057
3585.6881	+0.00006	0.00865
3590.9156	-0.00718	0.01246
3592.3691	+0.00717	0.02485
3592.5399	-0.00293	0.00757
3596.1198	-0.00182	0.00811
3602.2196	-0.00224	0.00741
3604.3468	-0.00522	0.00769
3608.0970	+0.00443	0.01313
3612.3200	+0.00028	0.00786
3614.5708	-0.00266	0.00769
3615.3646	-0.01732	0.01106
3635.2001	+0.00156	0.00874
3643.4171	+0.00089	0.00725
3644.2101	-0.01889	0.01109
3645.5088	+0.00409	0.01237
3651.0861	+0.00338	0.00752
3652.2583	+0.00086	0.00750
3654.6209	-0.00517	0.00778
3655.3010	+0.00289	0.00784
3656.1093	-0.00503	0.00937
3656.2386	+0.00801	0.00767
3660.0062	+0.00157	0.00750
3661.3738	+0.05885	0.02557
3663.1930	-0.00077	0.00752
3667.3482	+0.00074	0.01068
3667.6304	-0.00436	0.00803
3668.6597	-0.00381	0.01022
3671.4241	-0.00002	0.01311
3673.6570	-0.00188	0.00730
3675.2941	-0.00256	0.01285
3676.0055	-0.00211	0.00769
3676.7765	-0.00449	0.00753
3679.2003	-0.02814	0.01273
3679.8825	+0.00193	0.00745
3681.4137	+0.00368	0.01265
3682.1820	+0.00052	0.00798
3683.1072	+0.00234	0.00913
3683.7382	+0.00038	0.00760
3684.7938	+0.00134	0.00764
3687.8105	+0.00212	0.00889
3690.8495	+0.00954	0.00922
3692.0286	+0.00010	0.00882
3693.4331	+0.00955	0.00771
3695.5025	+0.00094	0.00775
3695.5643	-0.00091	0.00789
3695.8986	+0.00119	0.10329
3702.3503	-0.00424	0.00854
3706.0852	-0.00045	0.00793
3706.5813	-0.00446	0.09299
3710.0962	-0.02149	0.01294
3712.2511	-0.07492	0.02631
3717.7315	+0.00040	0.00821
3737.3715	-0.03463	0.02662
3741.0802	-0.00328	0.00772
3746.2299	-0.00278	0.00780
3752.9306	-0.00318	0.00834
3754.7371	-0.00116	0.00826
3762.0570	-0.00600	0.00771
3762.2310	-0.01163	0.00948
3763.7821	-0.00410	0.00802
3764.4494	-0.02550	0.02703
3769.3605	-0.00532	0.00858
3772.4845	-0.00194	0.03354
3784.6694	-0.00545	0.00862
3785.6801	-0.00325	0.00797
3797.5818	-0.00056	0.00823
3800.1534	-0.00371	0.00867
3804.3208	+0.00326	0.01466
3807.8367	-0.01616	0.01350
3809.0970	+0.00325	0.00963
3809.9012	-0.00295	0.00834
3813.6541	-0.01285	0.01385
3815.1764	-0.00273	0.00829
3818.3373	-0.00716	0.00800
3820.7952	-0.00549	0.00857
3822.1072	-0.00298	0.00835
3823.6696	-0.00279	0.00836
3826.8997	-0.02595	0.01395
3840.7490	-0.00190	0.00839
3844.9543	+0.00131	0.01000
3846.1435	-0.00409	0.01001
3858.5398	+0.00288	0.00843
3861.7178	+0.00158	0.00950
3862.8938	-0.00430	0.01604
3864.5816	-0.00212	0.01505
3876.6357	-0.00432	0.00911
3877.8797	+0.00298	0.00946
3882.3900	-0.00920	0.00989
3886.0632	+0.00130	0.00969
3892.2974	-0.00236	0.01457
3900.1045	+0.00123	0.00915
3906.4471	+0.00229	0.00855
3912.9800	-0.01418	0.00920
3922.2163	+0.00498	0.00867
3929.5784	-0.00660	0.01576
3932.4160	-0.00113	0.00926
3935.4837	-0.01035	0.02931
3946.2268	+0.01211	0.00963
3949.6235	-0.00081	0.02958
3975.2544	+0.00562	0.01001
3978.9691	-0.00602	0.00885
3980.2417	+0.00177	0.00863
3981.6399	+0.00485	0.00882
3998.9954	+0.00798	0.00906
4001.3300	-0.01579	0.00870
4002.0941	+0.00315	0.00873
4013.8875	-0.00285	0.00934
4016.8790	-0.00651	0.01231
4019.4989	+0.00071	0.00902
4030.7429	+0.00056	0.00982
4033.4745	+0.00386	0.00997
4045.4335	-0.01206	0.00983
4050.8069	+0.00666	0.00925
4053.2808	+0.00564	0.00960
4053.4008	+0.01589	0.01325
4081.9553	+0.00410	0.01350
4083.3994	+0.00354	0.00971
4083.7734	+0.00576	0.00930
4088.5930	+0.00879	0.00913
4095.3665	+0.00557	0.00930
4104.1777	+0.00023	0.01019
4104.2611	+0.02295	0.01591
4114.0225	+0.00517	0.01014
4122.0154	+0.00834	0.01246
4133.0425	+0.00927	0.01041
4134.3529	+0.00140	0.01205
4137.0196	+0.01270	0.01129
4137.3308	+0.01910	0.03035
4143.6313	+0.00747	0.02526
4145.6460	+0.00753	0.01003
4147.3863	+0.01429	0.01748
4148.0493	+0.00581	0.02997
4148.2093	+0.00875	0.01803
4149.0196	+0.00808	0.25984
4150.6843	+0.00759	0.02863
4151.5673	+0.00256	0.01216
4152.1666	+0.00705	0.01042
4153.6608	+0.00804	0.01073
4154.2149	+0.00495	0.02897
4154.3991	+0.00109	0.02144
4155.8747	+0.00103	0.01866
4159.8236	-0.00093	0.01129
4161.1219	+0.00606	0.01098
4162.2760	+0.00229	0.02685
4166.2723	+0.00908	0.01584
4167.1063	+0.00548	0.01585
4168.2615	+0.00626	0.01441
4174.7476	+0.00490	0.01758
4175.9508	+0.00617	0.01068
4179.2578	+0.00852	0.01476
4181.4901	+0.00755	0.01494
4182.0245	+0.01148	0.02245
4184.5081	+0.00912	0.07862
4185.3554	+0.01221	0.01128
4188.3348	+0.01336	0.03665
4190.3767	+0.01033	0.01064
4191.2977	+0.00680	0.01271
4191.6718	+0.00915	0.20952
4198.1928	+0.01021	0.02515
4199.4769	+0.00406	0.01065
4203.0057	-0.00033	0.01052
4203.4629	+0.00824	0.01650
4203.7459	+0.00865	0.01432
4204.2760	+0.00269	0.02269
4205.6456	+0.00983	0.00961
4206.4239	+0.00613	0.01041
4209.7165	+0.00521	0.07269
4210.6788	+0.00404	0.00980
4220.3225	+0.00408	0.02704
4220.6364	+0.00578	0.11492
4225.5427	+0.00514	0.02968
4226.3319	+0.00755	0.00976
4229.4246	+0.00937	0.01026
4230.5211	+0.00850	0.00975
4230.6790	+0.00424	0.01070
4230.9151	+0.00466	0.01170
4233.0126	+0.00708	0.01089
4240.7457	+0.00654	0.01036
4242.6942	-0.00055	0.01291
4243.4445	+0.00520	0.11617
4244.8897	+0.00463	0.01599
4246.2064	+0.00451	0.02356
4246.6954	+0.00598	0.02774
4248.2347	+0.00889	0.00983
4249.2169	+0.00046	0.01251
4250.0182	-0.00748	0.01257
4250.6512	-0.00562	0.01170
4251.4958	-0.00098	0.02358
4258.1184	+0.00083	0.02538
4258.8256	+0.00024	0.02695
4259.7677	+0.00658	0.02362
4262.0411	-0.00784	0.03152
4263.6656	+0.00511	0.02288
4266.5606	+0.00258	0.01383
4271.0025	-0.00914	0.01378
4271.2639	-0.00119	0.01379
4274.0764	+0.01105	0.01386
4275.0588	+0.00482	0.01648
4275.1456	+0.00329	0.01647
4276.0299	+0.00569	0.01505
4276.1729	+0.00486	0.03262
4276.2750	+0.00277	0.01700
4277.1312	+0.00637	0.01224
4277.2423	+0.00246	0.01363
4278.0287	+0.00055	0.02178
4280.4611	-0.00026	0.01093
4282.3648	-0.00084	0.11395
4282.6309	-0.00625	0.03897
4283.2491	+0.00892	0.01796
4285.6246	-0.00035	0.01098
4285.9108	+0.00420	0.01095
4287.5281	+0.00819	0.01998
4288.3231	+0.00340	0.01092
4290.9268	+0.00248	0.01530
4291.7921	+0.00043	0.01951
4293.3073	+0.00482	0.02158
4295.4343	+0.00531	0.01523
4298.7140	+0.00723	0.01065
4301.3799	-0.00072	0.01241
4304.2275	+0.00574	0.01165
4305.6710	+0.00700	0.04547
4308.1893	-0.00117	0.03498
4309.9568	+0.00537	0.01169
4313.0016	+0.00995	0.03308
4315.5683	+0.00351	0.06438
4321.8402	+0.00397	0.02285
4322.5132	+0.00955	0.01221
4322.6572	-0.00329	0.01264
4322.7452	+0.01222	0.01146
4324.8230	+0.00574	0.01829
4325.9521	+0.00897	0.01518
4326.0681	+0.00729	0.01559
4326.6952	+0.00617	0.02684
4327.1136	+0.00531	0.01175
4329.2780	+0.00933	0.05083
4331.7868	+0.00848	0.02394
4332.0719	+0.02005	0.03897
4345.8834	+0.00629	0.01208
4346.3935	+0.00404	0.01738
4347.9659	+0.00673	0.01077
4348.8590	+0.00018	0.01163
4350.4444	+0.00909	0.02265
4353.3754	+0.00191	0.01624
4354.3137	+0.01150	0.01506
4355.3628	+0.01016	0.02720
4355.5018	+0.00829	0.01856
4355.8101	+0.01323	0.01548
4356.8024	+0.01113	0.01128
4358.9520	+0.01111	0.01495
4359.6061	+0.01031	0.02407
4360.8284	+0.00232	0.02897
4365.6206	+0.01217	0.01490
4365.7426	+0.00942	0.08120
4368.5404	+0.00666	0.01513
4368.8673	+0.01231	0.02337
4373.2544	+0.00380	0.01928
4374.8098	+0.00649	0.01842
4375.3300	+0.00490	0.01850
4375.7674	+0.00140	0.04107
4380.2205	+0.00359	0.03190
4381.0508	+0.00828	0.01119
4382.6991	+0.00341	0.09973
4382.8169	-0.00298	0.01407
4383.1510	+0.00112	0.04254
4385.7780	-0.01434	0.01277
4387.5222	+0.00259	0.01385
4387.7334	+0.01094	0.01224
4387.7934	+0.00623	0.01465
4390.6192	+0.00642	0.01146
4390.7431	+0.00086	0.01443
4390.9921	-0.00050	0.01867
4392.7666	+0.00275	0.01194
4399.9306	+0.01333	0.04113
4402.3061	+0.00295	0.01155
4403.3505	+0.00901	0.01714
4403.7107	+0.00658	0.06688
4404.1198	+0.00529	0.27014
4404.6638	+0.01053	0.01736
4405.1509	+0.00111	0.01616
4405.9430	+0.00841	0.01234
4407.9276	+0.01101	0.01188
4408.1539	+0.01568	0.01232
4409.6603	+0.01338	0.01644
4412.9102	+0.00800	0.01583
4418.7837	+0.01179	0.01600
4422.3465	+0.00839	0.01192
4429.2672	+0.01431	0.03085
4432.5413	-0.00281	0.01230
4433.0902	+0.00516	0.02237
4434.3278	-0.00012	0.03497
4434.7748	+0.00938	0.01860
4435.4451	+0.00522	0.01617
4438.9790	+0.00701	0.01249
4439.9053	+0.00848	0.04116
4446.0448	+0.00985	0.01208
4446.2707	-0.00209	0.02228
4447.0080	+0.00408	0.01468
4448.5174	+0.00453	0.02026
4449.1785	+0.01146	0.01277
4451.3863	+0.01353	0.01270
4452.2505	+0.01391	0.01319
4455.0923	+0.01058	0.01196
4457.3947	+0.01263	0.01932
4461.5017	+0.00973	0.01835
4461.8019	+0.01352	0.03341
4463.0663	+0.01110	0.04426
4466.3172	+0.01585	0.01438
4470.4371	+0.01474	0.01126
4477.7323	+0.00514	0.01369
4479.6158	+0.02063	0.01312
4491.0228	+0.00902	0.06412
4491.7570	+0.02438	0.01205
4492.3141	+0.01547	0.01272
4501.5736	+0.00499	0.01212
4505.5744	-0.00985	0.03899
4510.0177	+0.01447	0.01158
4520.6344	+0.00625	0.01334
4528.1835	+0.01595	0.01386
4536.4017	+0.00324	0.01219
4540.3285	+0.00648	0.01312
4541.7691	+0.00956	0.01534
4550.0453	+0.01304	0.01272
4552.9641	+0.00676	0.01230
4555.9018	-0.01036	0.01209
4571.7960	-0.00085	0.01210
4572.0551	+0.01980	0.01269
4576.9244	+0.00733	0.01796
4579.1630	+0.00600	0.01248
4584.7042	+0.00248	0.01342
4588.7474	+0.00052	0.03004
4595.0452	-0.00113	0.02172
4596.4746	+0.00851	0.01201
4602.1530	+0.00257	0.01334
4604.4537	+0.00640	0.01188
4613.3140	+0.00617	0.01374
4615.9757	-0.00182	0.02189
4626.4805	-0.00476	0.01487
4641.1082	-0.00278	0.05271
4643.5718	+0.00590	0.01238
4645.6355	-0.00623	0.01449
4648.5483	+0.00122	0.01361
4649.9207	+0.00697	0.01256
4651.9112	+0.01427	0.01849
4654.0198	+0.00343	0.01242
4655.4622	+0.00342	0.01439
4662.4418	+0.00785	0.01415
4665.5026	+0.00746	0.01339
4670.1129	+0.00462	0.07209
4686.3334	-0.00113	0.01397
4700.7619	+0.01946	0.02036
4701.6673	+0.00714	0.02302
4706.2365	+0.00343	0.02256
4707.3998	+0.00958	0.01327
4712.1429	+0.00801	0.01319
4715.0189	-0.00218	0.01357
4725.9966	+0.01637	0.01367
4726.8748	+0.00315	0.01398
4728.5063	+0.01310	0.01473
4729.5338	+0.00538	0.01457
4731.0720	+0.01135	0.01310
4744.3776	+0.03308	0.02074
4748.4376	+0.00252	0.01434
4750.0280	+0.01055	0.01326
4768.3198	+0.01781	0.01515
4773.1611	+0.01096	0.01470
4776.6302	+0.00647	0.01343
4779.2160	+0.01286	0.04086
4785.1683	+0.01416	0.02774
4799.9832	+0.00748	0.02327
4806.6562	+0.00682	0.01565
4809.5810	+0.00807	0.01783
4818.2021	+0.00259	0.01368
4822.1443	-0.00336	0.02383
4823.1454	+0.00446	0.02867
4834.0325	-0.08105	0.04504
4846.6728	-0.00529	0.01336
4858.7427	-0.00299	0.01421
4865.4697	-0.00283	0.01399
4866.3839	-0.00342	0.01323
4884.5347	+0.00238	0.01346
4912.1912	-0.00249	0.01395
4922.3096	-0.00714	0.01421
4930.4920	-0.00521	0.01403

c0	0.0	vary
c1	0.0	vary
