2191.0009	-0.00129	0.00288
2191.5781	-0.00237	0.00269
2191.6900	-0.00191	0.00264
2191.7861	-0.00437	0.00461
2192.9142	-0.00061	0.00272
2194.1656	-0.00077	0.00267
2194.6405	-0.00057	0.00291
2194.9227	+0.00279	0.00287
2195.0008	-0.00415	0.00271
2195.0557	-0.00025	0.00285
2195.0866	-0.00148	0.00284
2195.5540	-0.00233	0.00282
2196.2170	-0.00546	0.00283
2196.3531	-0.00067	0.00284
2197.1223	-0.00213	0.00258
2197.4612	-0.00274	0.00334
2198.4584	-0.00135	0.00259
2200.3038	+0.00194	0.00278
2202.3652	-0.00041	0.00358
2204.3658	+0.00035	0.00272
2204.9847	+0.00269	0.00260
2205.0449	+0.00094	0.00265
2205.9531	+0.00037	0.00285
2206.1662	+0.00222	0.00304
2206.7071	+0.00611	0.00404
2206.8031	-0.00236	0.00253
2206.9472	-0.00026	0.00300
2207.2001	-0.00260	0.00281
2207.7853	-0.00224	0.00309
2207.8262	-0.00257	0.00265
2209.1607	-0.00065	0.00376
2209.3437	+0.00166	0.00269
2209.6278	+0.00171	0.00296
2210.6521	+0.00117	0.00262
2212.0213	+0.00137	0.00298
2212.3013	+0.00284	0.00270
2213.3776	+0.00028	0.00310
2214.3828	+0.00420	0.00256
2214.7688	+0.00378	0.00257
2214.8537	+0.00369	0.00251
2215.0690	+0.00453	0.00261
2215.1378	+0.00253	0.00326
2215.2089	+0.00063	0.00258
2215.9383	+0.00367	0.00285
2216.1691	+0.00655	0.00265
2216.4300	+0.00308	0.00269
2216.9754	+0.00219	0.00469
2217.1985	+0.00005	0.00268
2217.8117	+0.00216	0.00221
2217.8825	+0.00053	0.00406
2218.1147	+0.00218	0.00257
2219.2129	+0.00183	0.00275
2219.7529	+0.00398	0.00257
2221.7532	+0.00195	0.00277
2222.1304	+0.00256	0.00329
2222.9795	+0.00214	0.00257
2223.1975	+0.00159	0.00277
2223.7947	+0.00297	0.00254
2223.9258	+0.00268	0.00309
2224.1948	+0.00070	0.00277
2224.3448	+0.00094	0.00253
2225.5700	+0.00078	0.00265
2225.8454	+0.00006	0.00264
2226.2933	+0.00070	0.00332
2226.3394	-0.00073	0.00302
2226.4342	+0.00093	0.00298
2226.6924	-0.00035	0.00293
2226.7385	-0.00307	0.00290
2226.8833	-0.00073	0.00309
2227.2573	-0.00029	0.00260
2227.4577	+0.00138	0.00269
2227.8935	+0.00093	0.00303
2228.2707	+0.00045	0.00263
2228.6029	-0.00233	0.00266
2229.0510	-0.00139	0.00271
2229.3398	-0.00135	0.00302
2229.3860	-0.00066	0.00283
2230.0532	+0.00250	0.00268
2231.0413	+0.00072	0.00410
2231.9047	+0.00010	0.00318
2232.1966	-0.00292	0.00299
2232.5998	+0.00229	0.00272
2232.9109	+0.00139	0.00308
2233.2096	+0.00046	0.00281
2233.9320	+0.00103	0.00283
2234.5290	+0.00479	0.00286
2235.0943	+0.00377	0.00262
2235.7175	+0.00215	0.00309
2236.5095	+0.00490	0.00259
2237.1575	+0.00119	0.00258
2237.9546	+0.00221	0.00292
2238.0938	+0.00685	0.00258
2238.2606	+0.00496	0.00303
2238.6710	+0.00036	0.00272
2238.7758	+0.00520	0.00258
2239.2550	+0.00112	0.00309
2239.5142	-0.00836	0.00271
2239.5920	+0.00644	0.00271
2239.7520	+0.00275	0.00257
2239.8784	+0.00519	0.00329
2239.9923	-0.00007	0.00268
2240.1102	+0.00332	0.00273
2241.3173	+0.00566	0.00310
2241.4584	+0.00254	0.00270
2241.9237	+0.00231	0.00327
2242.1067	+0.00319	0.00399
2242.1445	+0.00208	0.00264
2242.2375	+0.00389	0.00361
2242.6387	+0.00140	0.00308
2242.6849	+0.00232	0.00289
2242.8469	+0.00108	0.00288
2243.1110	+0.00277	0.00364
2244.1812	+0.00501	0.00367
2245.1013	+0.00641	0.00276
2245.1492	+0.00015	0.00312
2245.4405	+0.00387	0.00268
2245.6816	+0.00282	0.00255
2245.7512	+0.00414	0.00264
2245.8864	-0.00043	0.00267
2246.3217	+0.00535	0.00266
2246.4575	+0.00133	0.00272
2246.7896	+0.00312	0.00266
2247.4299	+0.00252	0.00273
2247.5628	-0.00037	0.00276
2247.6997	+0.00480	0.00340
2247.8411	+0.00152	0.00277
2248.4041	+0.00320	0.00309
2249.3742	+0.00243	0.00271
2249.5270	+0.00230	0.00266
2249.7152	-0.00120	0.00271
2249.8443	-0.00006	0.00268
2250.3694	+0.00126	0.00269
2250.4413	-0.00161	0.00279
2250.8055	-0.00109	0.00264
2252.1427	+0.00263	0.00330
2252.2467	-0.00128	0.00267
2252.9018	+0.00292	0.00259
2253.0449	-0.00055	0.00298
2253.5582	-0.00049	0.00263
2253.7222	+0.00346	0.00293
2253.8350	+0.00340	0.00283
2253.9112	+0.00253	0.00289
2254.1251	+0.00423	0.00267
2254.4813	+0.00199	0.00280
2254.9613	+0.00230	0.00308
2255.0624	+0.00281	0.00296
2255.1926	+0.00498	0.00317
2255.7365	+0.00128	0.00313
2255.7675	-0.00225	0.00261
2256.1126	+0.00169	0.00277
2256.4108	+0.00402	0.00322
2256.4618	-0.00058	0.00278
2256.8589	+0.00004	0.00323
2257.0358	+0.00660	0.00288
2257.2629	+0.00184	0.00265
2257.3200	-0.00139	0.00300
2257.4219	-0.00245	0.00284
2258.0412	+0.00402	0.00302
2258.1290	+0.00063	0.00272
2258.2452	+0.00338	0.00318
2260.1143	-0.00044	0.00288
2260.2916	+0.00224	0.00289
2260.3697	+0.00178	0.00299
2261.1747	+0.00452	0.00301
2261.4789	+0.00076	0.00265
2261.7040	+0.00732	0.00316
2261.8258	+0.00047	0.00269
2262.1558	+0.00195	0.00283
2262.2300	-0.00048	0.00315
2262.9303	+0.00177	0.00327
2263.5942	-0.00233	0.00279
2265.1925	+0.00117	0.00268
2265.9238	+0.00379	0.00281
2266.7508	+0.00091	0.00271
2266.8412	+0.00162	0.00366
2267.0329	+0.00240	0.00314
2267.3460	-0.00211	0.00262
2267.8282	+0.00150	0.00330
2268.3103	+0.00501	0.00316
2268.4044	+0.00460	0.00280
2268.5495	+0.00463	0.00318
2268.9505	+0.00257	0.00268
2271.1689	+0.00259	0.00297
2271.3190	+0.00323	0.00276
2271.3789	+0.00206	0.00268
2271.5678	+0.00297	0.00311
2272.2062	+0.00255	0.00369
2272.6792	+0.00467	0.00272
2273.3442	+0.00332	0.00270
2273.8316	+0.00307	0.00280
2273.8936	+0.00321	0.00340
2274.2567	+0.00226	0.00332
2274.5277	+0.00058	0.00487
2274.9738	+0.00220	0.00276
2275.6551	+0.00370	0.00348
2275.7960	+0.00148	0.00536
2276.6161	+0.00071	0.00315
2276.8691	+0.00348	0.00278
2277.6232	+0.00080	0.00315
2277.7185	+0.00377	0.00267
2278.1036	+0.00346	0.00269
2278.6367	+0.00135	0.00296
2278.7987	+0.00311	0.00291
2279.0106	+0.00056	0.00340
2279.2397	+0.00297	0.00325
2279.8570	+0.00352	0.00271
2280.2780	-0.00069	0.00276
2281.3019	+0.00095	0.00268
2281.6241	+0.00350	0.00281
2282.0042	+0.00158	0.00284
2284.7827	-0.00304	0.00265
2285.3199	-0.00443	0.00330
2285.6422	-0.00321	0.00302
2286.0529	-0.00465	0.00268
2286.3874	+0.00215	0.00321
2286.8365	+0.00012	0.00267
2287.2345	-0.00095	0.00271
2287.3465	-0.00185	0.00314
2287.5464	-0.00363	0.00295
2287.9357	-0.00144	0.00273
2288.2075	-0.00314	0.00300
2288.3165	-0.00225	0.00297
2288.8366	-0.00152	0.00320
2289.9471	-0.00003	0.00296
2290.6201	-0.00073	0.00288
2290.7130	-0.00308	0.00314
2290.9471	-0.00011	0.00287
2291.4332	+0.00398	0.00340
2291.9053	-0.00169	0.00297
2291.9694	-0.00238	0.00318
2292.7687	+0.00069	0.00299
2293.2146	+0.00220	0.00280
2293.2645	-0.00247	0.00357
2293.6138	-0.00043	0.00294
2293.8637	-0.00664	0.00326
2294.0510	+0.00141	0.00275
2294.1868	+0.00133	0.00270
2294.2831	-0.00221	0.00272
2294.7701	-0.00108	0.00276
2295.2183	-0.00133	0.00276
2295.3084	+0.00184	0.00317
2295.4370	+0.00124	0.00363
2295.5651	+0.00088	0.00274
2296.0721	+0.00177	0.00279
2296.5635	+0.00046	0.00321
2297.2484	+0.00311	0.00312
2298.0756	+0.00109	0.00312
2298.2298	-0.00087	0.00300
2298.3069	+0.00081	0.00272
2298.5229	+0.00158	0.00296
2298.6281	+0.00182	0.00283
2299.0599	-0.00019	0.00282
2299.2131	+0.00006	0.00453
2299.2909	+0.00263	0.00272
2299.5130	+0.00137	0.00322
2299.6472	+0.00111	0.00306
2299.8700	+0.00359	0.00328
2300.1894	-0.00058	0.00358
2301.0453	+0.00249	0.00272
2301.3355	+0.00166	0.00291
2301.7926	-0.00113	0.00287
2303.2458	-0.00317	0.00343
2303.3047	+0.00309	0.00326
2303.6081	+0.00262	0.00301
2303.6629	+0.00378	0.00320
2303.7510	+0.00267	0.00282
2303.8300	+0.00181	0.00393
2304.1591	+0.00353	0.00291
2304.2191	+0.00514	0.00293
2304.2951	+0.00419	0.00279
2304.3773	+0.00414	0.00285
2304.4724	+0.00140	0.00303
2304.5781	+0.00192	0.00270
2304.9101	+0.00238	0.00344
2305.1173	-0.00057	0.00288
2305.7556	+0.00323	0.00282
2305.8274	-0.00119	0.00287
2306.0076	+0.00051	0.00328
2307.3059	+0.00418	0.00270
2307.6440	+0.00124	0.00294
2307.8730	+0.00296	0.00276
2307.9870	+0.00689	0.00353
2308.2981	+0.00262	0.00267
2308.4761	+0.00094	0.00286
2308.7170	+0.00489	0.00302
2308.7549	-0.00414	0.00311
2309.1190	+0.00112	0.00296
2309.3803	+0.00256	0.00310
2309.9404	+0.00060	0.00287
2310.0963	+0.00057	0.00291
2310.6556	-0.00127	0.00281
2310.9584	+0.00369	0.00299
2311.2415	+0.00153	0.00295
2311.7250	+0.00484	0.00276
2311.9987	+0.00100	0.00296
2312.1527	+0.00196	0.00280
2312.7151	+0.00409	0.00278
2313.7190	+0.00048	0.00546
2313.8533	+0.00243	0.00278
2314.0151	+0.00152	0.00276
2314.3702	+0.00134	0.00277
2314.5726	+0.00384	0.00270
2314.6884	+0.00327	0.00401
2314.7676	+0.00533	0.00278
2314.8893	+0.00068	0.00286
2315.0855	+0.00100	0.00344
2315.9857	-0.00002	0.00301
2316.4857	+0.00215	0.00303
2316.5930	+0.00417	0.00350
2317.5932	+0.00468	0.00282
2317.7861	+0.00578	0.00294
2317.9112	+0.00374	0.00331
2318.3352	+0.00272	0.00278
2318.7761	+0.00457	0.00327
2318.8653	+0.00245	0.00521
2319.0766	+0.00453	0.00316
2319.5285	+0.00270	0.00373
2319.6856	+0.00193	0.00283
2320.0026	+0.00320	0.01082
2320.1156	+0.00215	0.00192
2320.8318	+0.00513	0.00294
2320.9358	+0.00289	0.00286
2321.6190	+0.00365	0.00302
2322.2930	+0.00318	0.00331
2322.3851	+0.00077	0.00371
2324.0026	+0.00260	0.00279
2324.2057	-0.00110	0.00407
2325.1516	+0.00184	0.00334
2325.5208	+0.00300	0.00312
2325.7296	+0.00177	0.00330
2326.4498	+0.00508	0.00299
2326.5440	+0.00245	0.00294
2326.7870	+0.00474	0.00287
2326.8432	+0.00237	0.00316
2326.9110	-0.00181	0.00363
2327.0280	+0.00253	0.00295
2327.4011	+0.00107	0.00311
2327.4911	+0.00515	0.00278
2328.7907	+0.00079	0.00287
2329.1547	+0.00283	0.00282
2329.2708	+0.00265	0.00301
2329.3995	+0.00523	0.00290
2329.5226	+0.00052	0.00319
2329.6795	+0.00283	0.00282
2329.9047	+0.00428	0.00286
2330.1056	+0.00366	0.00300
2330.1708	+0.00203	0.00309
2330.2827	+0.00534	0.00326
2331.4811	+0.00214	0.00283
2332.5454	+0.00404	0.00285
2332.8446	+0.00163	0.00346
2333.0864	+0.00253	0.00409
2333.3014	+0.00338	0.00285
2334.2768	+0.00559	0.00321
2334.4419	+0.00389	0.00284
2335.3491	+0.00173	0.00323
2336.5894	+0.00365	0.00317
2336.6932	+0.00535	0.00330
2336.8472	+0.00303	0.00307
2337.6376	+0.00042	0.00303
2337.7754	+0.00474	0.00334
2338.0115	+0.00627	0.00338
2338.1225	+0.00418	0.00284
2338.1886	+0.00220	0.00284
2338.9017	+0.00448	0.00320
2339.3219	-0.00352	0.00292
2339.6438	+0.00220	0.00305
2339.9180	+0.00346	0.00290
2340.4810	+0.00176	0.00344
2341.3364	+0.00084	0.00288
2341.9955	-0.00090	0.00406
2342.3965	-0.00046	0.00280
2343.8899	+0.00759	0.00330
2345.4753	+0.00102	0.00374
2345.7192	+0.00323	0.00315
2346.5117	+0.00395	0.00320
2346.6043	+0.00261	0.00323
2347.4238	+0.00270	0.00355
2348.0599	+0.00235	0.00521
2349.5053	+0.00184	0.00319
2350.3503	-0.00113	0.00344
2350.7745	+0.00285	0.00299
2353.2700	+0.00399	0.00348
2353.9520	+0.00414	0.00315
2354.0611	+0.00220	0.00292
2354.4170	+0.00231	0.00324
2354.5212	+0.00606	0.00361
2354.8483	+0.00540	0.00348
2355.1405	+0.00506	0.00303
2355.6227	+0.01076	0.00305
2355.9817	+0.00461	0.00423
2356.8047	+0.00294	0.00290
2356.9469	+0.00485	0.00313
2357.8971	+0.00305	0.00324
2358.1669	+0.00327	0.00307
2358.3482	+0.00321	0.00378
2359.4984	+0.00398	0.00294
2360.0017	+0.00288	0.00300
2360.1065	+0.00342	0.00318
2360.3834	+0.00308	0.00324
2360.4474	+0.00487	0.00296
2361.2177	+0.00193	0.00522
2361.3949	+0.00594	0.00327
2361.5077	+0.00298	0.00316
2361.8127	+0.00151	0.00305
2362.4248	+0.00316	0.00287
2362.9490	+0.00626	0.00288
2363.0393	+0.00508	0.00310
2363.5923	+0.00491	0.00315
2364.4596	+0.01023	0.01080
2364.4876	+0.00020	0.00310
2365.2247	+0.00291	0.00289
2365.8279	+0.00160	0.00303
2366.2389	+0.00138	0.00288
2366.5189	+0.00171	0.00304
2368.2204	+0.00372	0.00320
2368.2832	+0.00537	0.00308
2368.9705	+0.00501	0.00519
2369.0945	+0.00114	0.00296
2369.3084	+0.00236	0.00289
2369.4997	+0.00180	0.00356
2369.8047	-0.00115	0.00332
2370.2176	-0.00008	0.00301
2370.5850	+0.00123	0.00304
2370.7480	+0.00087	0.00325
2370.8930	+0.00094	0.00298
2371.7511	+0.00646	0.00297
2372.2181	+0.00301	0.00292
2372.6543	+0.00412	0.00302
2372.8535	+0.00437	0.00296
2373.9796	+0.00234	0.00306
2374.7390	+0.00427	0.00307
2375.1389	+0.00260	0.00308
2376.3163	+0.00380	0.00294
2376.5523	+0.00295	0.00291
2376.8281	-0.00059	0.00317
2377.6604	+0.00278	0.00289
2377.7316	+0.00327	0.00309
2377.7803	+0.00646	0.00361
2378.3786	+0.00168	0.00293
2378.7899	+0.00198	0.00343
2378.9637	+0.00344	0.00413
2379.2279	+0.00366	0.00317
2379.5927	+0.00180	0.00373
2379.6990	+0.00021	0.00337
2380.0559	+0.00482	0.00300
2380.7772	+0.00438	0.00338
2381.7724	+0.00178	0.00294
2382.1713	+0.00338	0.00306
2382.8326	+0.00112	0.00428
2382.9347	+0.00258	0.00309
2383.3147	+0.00174	0.00567
2383.7056	+0.00121	0.00355
2385.0672	+0.00296	0.00291
2385.2311	+0.00143	0.00302
2385.4842	+0.00269	0.00315
2387.5049	+0.00316	0.00315
2387.6646	+0.00234	0.00339
2387.9348	+0.00283	0.00323
2388.1560	+0.00186	0.00298
2389.5731	+0.00286	0.00300
2389.7461	+0.00475	0.00306
2390.0573	+0.00085	0.00301
2390.2013	+0.00282	0.00298
2390.8162	+0.00197	0.00302
2391.0123	+0.00203	0.00386
2391.2604	+0.00156	0.00300
2392.2026	+0.00034	0.00314
2393.6421	-0.00012	0.00334
2394.4641	+0.00323	0.00303
2394.7524	+0.00041	0.00294
2394.7932	+0.00184	0.00306
2395.3805	+0.00179	0.00314
2395.5413	+0.00214	0.00311
2396.1737	+0.00053	0.00301
2398.5733	+0.00453	0.00325
2398.7902	+0.00273	0.00296
2400.4278	+0.00113	0.00352
2400.6076	+0.00272	0.00308
2401.3098	+0.00441	0.00298
2401.4279	+0.00350	0.00318
2401.5710	+0.00169	0.00294
2402.9970	+0.00290	0.00378
2403.2644	+0.00267	0.00315
2406.2947	-0.00171	0.00372
2407.0680	+0.00310	0.00307
2407.6323	+0.00309	0.00308
2407.8852	+0.00190	0.00328
2408.1282	+0.00526	0.00309
2408.7923	-0.00103	0.00354
2408.9205	+0.00190	0.00300
2409.9138	+0.00410	0.00307
2410.5348	+0.00132	0.00305
2411.0358	+0.00309	0.00348
2411.7150	+0.00339	0.00313
2412.2031	+0.00454	0.00348
2412.6523	+0.00282	0.00319
2412.7362	-0.00228	0.00311
2412.9522	+0.00658	0.00306
2413.1304	+0.00154	0.00334
2414.0728	+0.00084	0.00307
2414.5899	+0.00140	0.00300
2415.2729	+0.00108	0.00315
2416.4634	+0.00162	0.00307
2417.2614	+0.00458	0.00394
2417.3824	+0.00003	0.00358
2418.4258	+0.00112	0.00304
2419.6851	-0.00293	0.00306
2420.9641	+0.00113	0.00338
2421.3902	+0.00188	0.00325
2421.5104	+0.00295	0.00346
2421.8927	+0.00134	0.00316
2422.9859	+0.00055	0.00308
2423.4950	+0.00470	0.00364
2423.9051	+0.00127	0.00355
2424.4359	+0.00199	0.00381
2424.7791	+0.00529	0.00305
2425.0684	+0.00370	0.00301
2425.2861	+0.00081	0.00303
2425.3783	+0.00394	0.00326
2425.5384	+0.00217	0.00327
2425.7662	+0.00196	0.00330
2426.1622	+0.00212	0.00316
2426.5414	+0.00385	0.00350
2426.8757	+0.00183	0.00299
2427.0619	+0.00501	0.00328
2429.3183	+0.00496	0.00306
2430.2995	+0.00245	0.00316
2431.0546	-0.00034	0.00319
2431.9977	-0.00135	0.00347
2432.4508	+0.00204	0.00315
2432.8840	+0.00245	0.00335
2433.4162	+0.00401	0.00349
2433.8800	+0.00166	0.00314
2434.3575	-0.00082	0.00316
2434.9165	+0.00111	0.00323
2435.1253	-0.00081	0.00305
2435.4816	+0.00238	0.00321
2436.1408	+0.00195	0.00313
2436.6459	-0.00088	0.00313
2437.6279	+0.00144	0.00302
2437.8031	+0.00074	0.00309
2438.2804	+0.00328	0.00301
2438.3922	-0.00101	0.00619
2439.0773	+0.00162	0.00321
2439.3665	+0.00049	0.00304
2440.4637	+0.00343	0.00328
2441.0730	-0.00073	0.00309
2441.7681	+0.00167	0.00307
2441.8910	-0.00057	0.00318
2442.1002	-0.00066	0.00308
2442.3823	+0.00008	0.00329
2442.5990	-0.00353	0.00308
2443.0692	+0.00112	0.00330
2443.4374	+0.00330	0.00337
2443.7127	+0.00071	0.00310
2444.9065	-0.00096	0.00315
2445.6270	+0.00006	0.00331
2445.6737	-0.00081	0.00318
2446.8071	+0.00029	0.00323
2447.5113	-0.00138	0.00360
2448.2405	-0.00125	0.00312
2448.8988	-0.00069	0.00313
2450.3780	+0.00191	0.00361
2450.9090	-0.00080	0.00357
2451.0272	-0.00347	0.00339
2452.1235	-0.00021	0.00377
2452.5926	+0.00074	0.00317
2452.7653	-0.00034	0.00308
2453.5518	+0.00186	0.00333
2453.5909	-0.00064	0.00378
2454.0400	+0.00233	0.00309
2455.3422	-0.00139	0.00333
2455.5630	-0.00293	0.00319
2455.8614	-0.00368	0.00333
2456.0943	-0.00193	0.00346
2456.4755	-0.00289	0.00317
2456.6565	-0.00324	0.00306
2456.7326	+0.00025	0.00324
2457.4795	-0.00082	0.00344
2458.6800	-0.00100	0.00399
2460.0524	-0.00089	0.00318
2460.5162	-0.00125	0.00338
2460.5882	-0.00427	0.00327
2461.3706	+0.00197	0.00367
2461.4634	+0.00303	0.00379
2462.9200	+0.00044	0.00310
2463.6398	-0.00066	0.00354
2464.0403	+0.00003	0.00314
2465.0195	+0.00280	0.00326
2466.0176	-0.00652	0.00374
2466.6576	-0.00029	0.00315
2466.9278	-0.00055	0.00341
2467.2430	+0.00217	0.00332
2467.4610	+0.00147	0.00231
2468.0249	+0.00393	0.00323
2468.1900	-0.00159	0.00404
2468.6110	+0.00079	0.00321
2468.9432	+0.00045	0.00327
2469.3773	+0.00315	0.00333
2470.0536	+0.00345	0.00319
2470.5425	+0.00316	0.00371
2471.8989	-0.00248	0.00346
2473.1233	-0.00321	0.00379
2474.1684	-0.00163	0.00326
2475.0675	-0.00498	0.00373
2476.0909	+0.00081	0.00312
2476.4398	+0.00107	0.00362
2476.6942	+0.00264	0.00363
2476.8121	+0.01127	0.00327
2477.9273	+0.00033	0.00325
2478.0236	+0.00376	0.00384
2478.5217	+0.00073	0.00324
2478.9776	+0.00431	0.00368
2479.0728	+0.00071	0.00340
2480.0327	+0.00057	0.00405
2480.7260	-0.00044	0.00321
2480.9790	+0.01077	0.00342
2480.9969	-0.00336	0.00335
2481.2362	+0.00145	0.00400
2481.4420	+0.00170	0.00337
2481.7744	-0.00054	0.00320
2482.5193	+0.00088	0.00333
2483.1334	+0.00278	0.00277
2483.3264	+0.00585	0.00363
2483.8396	+0.00200	0.00326
2483.9888	+0.00601	0.00363
2484.0548	+0.00067	0.00317
2484.7381	+0.00446	0.00406
2484.9530	+0.00431	0.00414
2485.3520	+0.00467	0.00333
2485.4520	+0.00303	0.00323
2485.6269	+0.00276	0.00365
2485.9062	+0.00056	0.00336
2487.6024	+0.00774	0.00393
2487.8946	+0.00258	0.00361
2488.0888	+0.00224	0.00326
2488.3806	+0.00463	0.00333
2488.5007	+0.00183	0.00355
2489.3809	+0.00411	0.00375
2489.8409	-0.00312	0.00331
2490.6222	-0.00880	0.00351
2490.9454	+0.00610	0.00356
2491.8386	+0.00163	0.00570
2491.9888	+0.00602	0.00363
2492.0777	+0.00181	0.00405
2492.7249	+0.00282	0.00315
2493.0978	+0.00509	0.00347
2493.3471	+0.00480	0.00335
2493.5161	+0.00607	0.00329
2493.6592	+0.00527	0.00319
2494.2750	+0.00336	0.00330
2494.4373	+0.00516	0.00343
2494.9514	+0.00279	0.00330
2495.3256	+0.00264	0.00319
2495.6076	+0.00656	0.00318
2495.9266	+0.00468	0.00354
2495.9964	+0.00453	0.00477
2496.1254	+0.00411	0.00340
2496.6868	+0.00296	0.00327
2497.0486	+0.00668	0.00358
2497.8961	+0.00799	0.00364
2498.8492	+0.00659	0.00331
2498.9354	+0.00634	0.00337
2499.4894	+0.00392	0.00477
2499.9875	+0.00369	0.00332
2500.3494	+0.00474	0.00334
2500.4395	+0.00198	0.00399
2500.7215	+0.00298	0.00401
2501.5960	-0.00077	0.00339
2501.7318	-0.00028	0.00318
2503.2800	+0.00052	0.00529
2503.3602	+0.00090	0.00358
2503.4083	+0.00607	0.00326
2503.5763	+0.00096	0.00328
2503.6634	-0.00058	0.00319
2503.7663	-0.00044	0.00324
2503.9135	+0.00320	0.00372
2504.1456	-0.00004	0.00382
2504.2176	+0.00182	0.00354
2504.2893	-0.00017	0.00341
2504.3707	-0.00252	0.00324
2504.7484	-0.00557	0.00319
2505.5968	-0.00067	0.00318
2505.7106	-0.00463	0.00425
2506.0227	-0.00720	0.00377
2506.1130	-0.00310	0.00373
2506.7292	-0.00072	0.00513
2507.2359	+0.00079	0.00383
2508.0344	+0.00179	0.00359
2509.3397	+0.00347	0.00344
2509.3706	-0.00337	0.00333
2509.9986	+0.00046	0.00346
2510.8481	-0.00013	0.00324
2510.8979	-0.00380	0.00390
2511.0971	+0.00239	0.00318
2511.1822	+0.00051	0.00323
2511.8704	-0.00114	0.00340
2512.0414	+0.00164	0.00342
2512.5092	-0.00243	0.00344
2513.3667	+0.00041	0.00624
2513.4778	+0.00292	0.00460
2514.3096	+0.00086	0.00406
2514.9001	-0.00047	0.00433
2515.8023	+0.00028	0.00321
2516.2442	-0.00321	0.00362
2517.0943	-0.00034	0.00353
2517.6836	+0.01101	0.00402
2518.2129	+0.00052	0.00348
2518.2726	-0.00285	0.00358
2518.6740	-0.00114	0.00627
2519.0839	+0.00179	0.00373
2519.6229	-0.00252	0.00351
2520.6752	+0.00142	0.00345
2520.8652	-0.00223	0.00322
2521.4206	+0.00271	0.00422
2521.4894	+0.00050	0.00375
2521.5454	+0.00341	0.00423
2521.7794	-0.00327	0.00414
2522.4358	+0.00122	0.00395
2523.6681	-0.00258	0.00425
2523.8421	-0.00219	0.00491
2524.5442	-0.00268	0.00362
2525.1753	+0.00058	0.00337
2525.5122	-0.00046	0.00344
2525.8826	+0.00038	0.00406
2527.3957	-0.00158	0.00364
2528.7103	-0.00015	0.00361
2528.9194	+0.00123	0.00337
2529.0902	-0.00222	0.00399
2529.4855	+0.00567	0.00331
2529.5144	-0.00285	0.00412
2530.1903	-0.00142	0.00415
2530.4866	+0.00507	0.00365
2531.2246	-0.00143	0.00402
2531.4156	+0.00319	0.00345
2531.7289	-0.00362	0.00384
2532.0859	-0.00084	0.00352
2532.6862	-0.00039	0.00369
2532.8792	+0.00209	0.00484
2533.4171	-0.00092	0.00361
2534.4147	-0.00281	0.00696
2534.6654	+0.00003	0.00420
2535.5207	-0.00082	0.00382
2535.7650	-0.00490	0.00416
2536.7068	-0.00252	0.00387
2537.4103	-0.00202	0.00414
2537.5082	-0.00180	0.00360
2538.3764	+0.00057	0.00439
2540.5219	+0.00086	0.00399
2540.5890	-0.00137	0.00350
2541.0739	+0.00010	0.00397
2541.3832	+0.00047	0.00700
2541.8432	-0.00132	0.00411
2543.0714	-0.00045	0.00387
2543.5157	-0.00415	0.00437
2544.4076	-0.00336	0.00407
2546.5542	-0.00271	0.00516
2546.6573	-0.00498	0.00353
2546.9536	-0.00140	0.00349
2547.5247	-0.00144	0.00432
2548.6487	-0.00228	0.00351
2549.0839	-0.00425	0.00399
2549.3652	-0.00115	0.00352
2549.4172	-0.00362	0.00340
2550.2963	-0.00017	0.00394
2550.9072	+0.00059	0.00350
2551.4466	-0.00134	0.00371
2552.2848	-0.00060	0.00356
2552.6458	-0.00043	0.00398
2552.8028	+0.00295	0.00377
2552.8797	+0.00148	0.00388
2553.1019	-0.00212	0.00358
2554.0852	-0.00491	0.00388
2554.1460	-0.00279	0.00346
2555.0184	+0.00300	0.00450
2555.6505	-0.00390	0.00373
2555.7453	-0.00234	0.00401
2556.1196	-0.00124	0.00365
2556.4698	-0.00085	0.00347
2556.9766	+0.00134	0.00369
2557.2427	-0.00361	0.00381
2557.3720	+0.00136	0.00356
2557.5800	-0.00207	0.00378
2557.9752	-0.00135	0.00368
2558.0898	-0.00057	0.00408
2558.6833	-0.00052	0.00409
2559.3042	-0.00085	0.00647
2559.4424	-0.00057	0.00387
2559.7615	+0.00226	0.00646
2560.0445	-0.00309	0.00383
2560.6326	-0.00462	0.00404
2560.6889	-0.00284	0.00395
2562.0712	+0.00042	0.00249
2562.1968	+0.00197	0.00413
2562.5413	+0.01055	0.00390
2564.2426	+0.00038	0.00384
2564.6727	-0.00125	0.00339
2564.8108	+0.00075	0.00650
2565.2779	+0.00053	0.00378
2566.1147	+0.00017	0.00401
2566.3010	-0.00050	0.00339
2566.4638	-0.00196	0.00350
2566.5651	-0.00294	0.00393
2569.0754	-0.00064	0.00272
2569.8076	-0.00074	0.00391
2569.8960	+0.00086	0.00357
2569.9727	-0.00047	0.00355
2570.1318	-0.00469	0.00375
2570.9400	-0.00033	0.00387
2571.8472	+0.00104	0.00351
2572.4783	+0.00958	0.00404
2572.5914	-0.00031	0.00345
2572.9276	+0.00057	0.00374
2573.3587	+0.00473	0.00419
2574.5089	-0.00548	0.00350
2576.8805	+0.00090	0.00400
2577.4118	-0.00131	0.00341
2577.6936	-0.00071	0.00456
2578.6381	+0.00053	0.00519
2579.5461	-0.00214	0.00395
2580.1631	+0.00330	0.00362
2580.7544	+0.00172	0.00431
2580.8615	-0.00537	0.00444
2581.6585	-0.00045	0.00355
2582.7980	+0.00266	0.00413
2583.0361	-0.00413	0.00340
2583.4852	-0.00180	0.00369
2583.8551	+0.01370	0.00405
2584.1350	-0.00271	0.00363
2585.0875	-0.00010	0.00383
2585.4845	-0.00015	0.00707
2585.5394	-0.00798	0.00371
2586.1345	+0.00088	0.00384
2586.3947	+0.00283	0.00364
2587.0718	-0.00215	0.01000
2587.1641	-0.00649	0.00403
2587.5021	-0.00122	0.00601
2587.9702	-0.00210	0.00374
2588.4833	-0.00503	0.00361
2588.5900	-0.00198	0.00342
2589.4157	-0.00162	0.00354
2589.5284	-0.00165	0.00406
2590.0435	-0.00163	0.00368
2590.2254	-0.00105	0.00360
2590.3588	+0.00068	0.00425
2591.0227	+0.00058	0.00396
2591.1328	-0.00561	0.00367
2592.6852	-0.00266	0.00455
2593.1995	-0.00210	0.00431
2593.6072	-0.00097	0.00374
2594.2585	-0.00066	0.00423
2594.3454	-0.00145	0.00728
2594.7438	+0.00137	0.00349
2594.9148	-0.00098	0.00506
2595.2050	-0.00273	0.00353
2596.0749	-0.00225	0.00362
2596.2239	-0.00129	0.00429
2596.7342	-0.00203	0.00432
2598.5648	+0.00073	0.00364
2598.8094	+0.00298	0.00388
2599.4308	-0.00254	0.00393
2599.6930	+0.00015	0.00350
2600.7370	-0.00401	0.00393
2602.4203	+0.00780	0.00599
2602.7067	+0.00009	0.00405
2603.0015	+0.00085	0.00411
2604.0411	-0.00055	0.00414
2604.0981	-0.00097	0.00422
2604.3268	+0.00177	0.00371
2604.4238	+0.00167	0.00350
2605.2352	-0.00291	0.00427
2607.1636	+0.01134	0.01397
2607.2935	-0.00178	0.00414
2607.5436	+0.00069	0.01200
2609.0240	-0.00064	0.00346
2609.3351	-0.00174	0.00465
2609.7293	-0.00008	0.00239
2610.0194	-0.00184	0.00405
2610.8475	-0.00147	0.00365
2611.1304	+0.00156	0.00431
2611.7488	+0.00154	0.00443
2611.9467	+0.00045	0.00357
2612.1098	-0.00076	0.00390
2612.3069	-0.00532	0.00379
2614.1575	-0.00272	0.00528
2614.4462	+0.00020	0.00397
2614.7434	-0.00121	0.00420
2615.3267	+0.00144	0.00430
2616.4160	-0.00157	0.00386
2616.8277	-0.00510	0.00393
2616.9797	-0.00233	0.00371
2617.6832	-0.00088	0.10279
2618.2761	-0.00316	0.00507
2618.5214	+0.00256	0.00366
2618.9246	-0.00057	0.00353
2619.6726	-0.00309	0.00455
2619.9436	-0.00417	0.00410
2620.2286	+0.00366	0.01352
2620.4880	-0.00268	0.00409
2620.7270	+0.00047	0.00355
2621.0691	-0.00091	0.00399
2621.9632	-0.00001	0.00686
2622.4534	-0.00339	0.00360
2622.7815	+0.00029	0.00360
2623.2303	-0.00159	0.00456
2623.5165	-0.00137	0.00409
2625.4071	-0.00219	0.00592
2625.6862	-0.00268	0.00380
2626.0283	-0.00139	0.00372
2626.5443	-0.00224	0.00372
2626.9934	+0.00281	0.00437
2629.7990	-0.00415	0.00468
2630.1973	-0.00308	0.00368
2630.7024	-0.00112	0.00450
2631.5395	-0.00544	0.00476
2631.9974	+0.00423	0.01338
2633.7678	+0.00923	0.01429
2635.4926	+0.00583	0.00410
2637.4910	-0.00120	0.00368
2638.0659	-0.00296	0.01898
2639.6682	+0.00159	0.00373
2640.4898	-0.00486	0.00375
2640.5896	-0.00049	0.00667
2640.6907	-0.00096	0.00366
2643.1470	+0.00075	0.00369
2645.4026	-0.00273	0.00464
2645.8029	-0.00008	0.00458
2647.5554	-0.00209	0.00388
2647.8072	-0.00082	0.00550
2648.1312	-0.00099	0.00373
2648.8523	-0.00514	0.00434
2649.7457	-0.00072	0.00407
2650.2388	-0.00240	0.00426
2650.8450	+0.00239	0.00377
2650.9940	-0.00201	0.00364
2651.2083	-0.00265	0.00360
2651.4642	-0.00234	0.00456
2654.2618	-0.00369	0.00387
2654.3878	-0.00523	0.00433
2656.6556	-0.00061	0.00376
2656.8534	-0.00241	0.00367
2657.5897	+0.00418	0.00429
2657.6667	-0.00494	0.00555
2658.0016	-0.00398	0.01492
2659.0221	-0.00173	0.00451
2660.3401	-0.00149	0.00463
2660.6352	+0.00048	0.00376
2661.6627	-0.00143	0.00388
2661.7917	-0.00251	0.00811
2662.1388	-0.00299	0.00384
2663.3259	-0.00529	0.00372
2664.9043	-0.00195	0.00379
2665.7808	-0.00113	0.00368
2666.5437	+0.00107	0.00400
2666.8010	+0.00074	0.00369
2667.0109	-0.00119	0.00441
2668.3074	-0.00595	0.00381
2668.6002	-0.00167	0.00393
2668.9883	+0.00069	0.00401
2671.7330	+0.00105	0.00685
2672.1850	-0.00080	0.00446
2672.4754	-0.00089	0.00376
2672.8442	-0.00247	0.00378
2673.1672	-0.00167	0.00391
2673.4207	-0.00062	0.00391
2673.4973	-0.00100	0.00671
2675.5630	-0.00279	0.00378
2676.2942	+0.00054	0.00301
2677.4873	-0.00159	0.00393
2679.4057	-0.00020	0.00371
2680.2639	-0.00509	0.00401
2681.1643	-0.00111	0.00390
2681.6453	+0.00078	0.00643
2681.7976	-0.00072	0.00696
2681.9466	-0.00267	0.00382
2683.6610	-0.00138	0.00376
2683.7807	+0.00147	0.00378
2684.0781	+0.00030	0.00385
2684.3570	+0.00239	0.00367
2684.9480	+0.00089	0.00406
2685.0553	+0.01211	0.01386
2685.4504	+0.00283	0.00384
2686.1097	+0.00943	0.01389
2687.1536	-0.00014	0.00391
2687.2526	-0.00178	0.00431
2687.6741	+0.00318	0.00373
2688.3042	-0.00039	0.00422
2688.7792	-0.00086	0.00602
2688.9844	-0.00034	0.00410
2689.6182	+0.00197	0.00989
2689.6622	-0.00112	0.00672
2692.0551	+0.00288	0.00374
2692.1938	-0.00051	0.00381
2693.5403	+0.00212	0.00412
2695.8959	-0.00275	0.00538
2696.3990	+0.00113	0.00590
2696.4419	+0.00224	0.00454
2697.7294	-0.00257	0.03255
2700.1010	+0.00159	0.00708
2701.4023	-0.00235	0.00391
2701.6234	+0.00054	0.00453
2703.6197	+0.00134	0.00392
2703.9576	+0.00032	0.00416
2704.3458	-0.00242	0.00378
2704.7358	-0.00012	0.02228
2705.2053	-0.00220	0.00453
2706.0641	-0.00124	0.00465
2706.4603	-0.00101	0.00387
2707.4136	-0.00180	0.00466
2707.7216	-0.00414	0.00762
2707.8455	-0.00307	0.00406
2708.2246	+0.00103	0.00466
2708.9581	+0.01873	0.01412
2709.4632	-0.00061	0.00534
2710.5316	+0.00019	0.00396
2710.9366	+0.01469	0.01447
2711.1035	-0.00250	0.00415
2711.5488	-0.00078	0.00414
2711.8086	+0.00231	0.01423
2712.3498	+0.00216	0.00387
2712.5080	-0.00034	0.00441
2712.7318	-0.00146	0.00404
2712.9841	-0.00556	0.00418
2713.1880	-0.00033	0.00457
2713.3081	-0.00313	0.00386
2714.9154	-0.00077	0.00380
2716.2636	+0.00146	0.00435
2716.7490	+0.00044	0.00604
2719.3214	-0.00894	0.03686
2719.4596	-0.00299	0.00406
2719.5604	-0.00242	0.00407
2719.6956	-0.00254	0.00413
2720.8929	-0.00005	0.00569
2721.2150	-0.00010	0.00597
2721.4950	-0.00017	0.00761
2721.8831	+0.00001	0.00419
2722.9674	-0.00160	0.00444
2724.8366	-0.00262	0.00457
2727.2242	+0.00470	0.00671
2727.8117	-0.00413	0.00415
2729.1369	-0.00219	0.00414
2729.9930	-0.00016	0.00404
2730.5274	-0.00285	0.00391
2731.0674	-0.00152	0.00454
2731.2301	-0.00613	0.00408
2732.1426	-0.00086	0.00565
2733.4741	-0.00227	0.00395
2733.7611	-0.00529	0.00497
2734.5551	+0.00134	0.00399
2734.6360	-0.00401	0.00422
2735.1774	+0.00070	0.00480
2736.2116	+0.00160	0.00407
2736.4617	-0.00359	0.00392
2739.4063	-0.00230	0.00408
2742.4730	-0.00032	0.00391
2743.1231	+0.00031	0.00392
2744.2175	-0.00177	0.00453
2744.4066	-0.00143	0.00417
2744.4916	-0.00176	0.00398
2745.4018	-0.00129	0.00404
2746.4061	+0.01178	0.01488
2747.0611	-0.00311	0.00570
2753.0645	-0.00084	0.00400
2753.1818	-0.00118	0.00400
2753.5790	-0.01060	0.00486
2755.7843	-0.00304	0.00439
2757.9437	-0.01054	0.01434
2758.9753	+0.01834	0.01452
2760.1292	-0.00271	0.00421
2760.9588	+0.02303	0.01459
2761.4325	-0.00314	0.00416
2762.0250	-0.00177	0.00679
2763.1600	-0.00178	0.00706
2766.2427	-0.00299	0.00419
2766.5878	-0.00074	0.00406
2766.6750	-0.00078	0.00408
2767.2873	+0.00014	0.00413
2767.6972	-0.00076	0.00488
2771.0571	+0.00049	0.00409
2773.2574	-0.00418	0.00578
2775.5272	-0.00138	0.00484
2775.6129	-0.00203	0.00412
2776.0290	-0.00308	0.02651
2776.7983	-0.00437	0.00554
2777.1375	-0.00213	0.00504
2777.5486	-0.00538	0.01533
2777.6876	+0.01769	0.01500
2778.1088	+0.00088	0.00819
2778.6221	+0.00236	0.00404
2779.2731	-0.00899	0.01502
2780.1123	-0.00752	0.00765

c0	0.0	vary
c1	0.0	vary
