5077.6580	-0.00975	0.02340
5089.4744	-0.00661	0.01587
5106.9800	-0.00866	0.01424
5130.0369	-0.00402	0.01493
5167.1208	+0.00664	0.01673
5168.2501	-0.00544	0.01692
5176.1552	+0.00364	0.01160
5209.9604	+0.00888	0.01644
5241.9676	-0.00434	0.01530
5245.3576	+0.00004	0.01614
5263.1423	+0.00803	0.01808
5265.9081	+0.00345	0.01640
5286.1675	-0.00024	0.01622
5295.5691	-0.00614	2.57442
5301.4677	+0.00231	0.01624
5319.6355	-0.00302	0.01847
5341.5004	-0.00162	0.01780
5351.0789	-0.01102	0.01597
5363.1282	+0.00107	0.01749
5404.2281	-0.01550	0.01812
5429.2087	-0.01525	0.01993
5432.1794	-0.00553	0.01635
5450.8814	-0.01906	0.01835
5463.3009	-0.00275	0.01769
5463.7160	-0.00195	0.01712
5476.2854	-0.00553	0.01820
5481.9928	-0.00385	0.01778
5510.1673	-0.00573	0.21447
5511.8627	-0.00202	0.02405
5536.0614	-0.00509	0.01849
5552.1204	-0.01915	0.01808
5556.7739	-0.00525	0.04026
5558.7703	-0.00017	0.02102
5561.1431	-0.00904	0.01976
5561.8341	+0.00421	0.03743
5566.1183	-0.01281	0.01886
5567.3857	-0.00843	0.01881
5575.3487	-0.00304	0.02920
5576.2370	-0.00213	0.03698
5577.5174	-0.01089	0.02715
5583.2849	-0.01000	0.01936
5592.3162	-0.00328	0.04088
5595.8443	-0.00128	0.03363
5599.1692	-0.00543	0.01991
5606.1281	+0.00091	0.02157
5614.7593	-0.00597	0.12267
5624.9290	+0.00080	0.02057
5641.5704	+0.00397	0.03235
5648.3664	-0.00607	0.02202
5651.9423	-0.00506	0.02096
5673.1097	-0.00825	0.01936
5679.8158	-0.00914	0.02185
5683.6666	+0.00489	0.01889
5717.2916	+0.00672	0.03935
5726.8873	-0.00917	0.03275
5737.6501	-0.00115	0.02774
5738.8335	+0.00097	0.03132
5739.0074	+0.00934	0.02025
5742.3853	+0.01464	0.03842
5756.6591	+0.01258	0.02695
5758.0036	-0.00315	0.01891
5764.5554	+0.00186	0.01875
5765.2466	+0.00511	0.03055
5766.8650	+0.00879	0.01933
5774.3659	-0.00132	0.02688
5776.4865	+0.00249	0.03329
5815.6009	+0.00999	0.04267
5816.4191	+0.00689	0.25190
5832.7144	-0.00454	0.02249
5846.0330	+0.00857	0.02050
5848.9789	+0.00611	0.03758
5850.2091	+0.00451	0.03876
5853.8452	+0.00617	0.02302
5875.8040	+0.01437	0.02934
5887.9104	+0.01266	0.03475
5890.6450	+0.01360	0.18140
5896.3136	+0.00714	0.02209
5897.0787	+0.01022	0.02715
5914.8316	+0.00023	0.03306
5915.6907	+0.00527	0.03926
5933.7645	-0.00524	0.02215
5937.1135	-0.00477	0.02196
5946.5480	+0.00015	0.03429
5949.6307	-0.00156	0.02217
5957.7022	-0.00218	0.02496
5963.5855	-0.00504	0.02221
5971.8617	+0.00249	0.02101
5975.7279	-0.00112	0.03433
5979.8499	-0.00179	0.04113
5995.4161	+0.00152	0.03529
6000.6056	+0.01507	0.02280
6013.9030	+0.00729	0.02876
6021.7892	-0.00464	0.02823
6026.4974	+0.00075	0.02106
6035.2227	-0.00541	0.04290
6043.1490	-0.00196	0.03922
6054.6830	+0.00177	0.02328
6068.7268	-0.00794	0.02384
6072.7668	-0.01031	0.02224
6091.7020	+0.00130	0.02261
6092.3231	-0.01356	0.02203
6101.0844	+0.00130	0.03535
6119.6615	-0.00192	0.02413
6131.6666	+0.00612	0.02140
6139.1727	-0.00218	0.02204
6140.0720	-0.01030	0.04526
6142.6925	-0.00496	0.02119
6161.9488	+0.00694	0.02286
6162.9291	+0.00627	0.02271
6176.9618	+0.00059	0.02256
6180.1097	-0.00111	0.03464
6190.0103	-0.00171	0.02468
6196.7670	+0.00904	0.02603
6197.3422	+0.00908	0.02455
6198.8547	-0.00496	0.03202
6214.3848	+0.00911	0.02485
6225.7509	+0.00144	0.02397
6226.9341	+0.00168	0.04193
6230.5762	-0.00015	0.02876
6233.9410	+0.00487	0.04251
6238.7774	+0.00845	0.02652
6239.0443	+0.00313	0.02742
6240.6509	+0.00493	0.03065
6242.3463	+0.01690	0.02788
6243.3826	+0.00947	0.02802
6246.9536	+0.00979	0.02766
6251.8919	+0.00593	0.02777
6257.2402	-0.00429	0.03152
6291.5737	-0.00095	0.04337
6299.4017	-0.00235	0.02461
6301.1731	+0.00149	0.04415
6312.1061	-0.00051	0.02318
6330.3929	-0.00203	0.02322
6332.6985	+0.00507	0.03646
6335.7184	-0.00133	0.05611
6354.7535	+0.00177	0.03236
6363.4078	-0.01014	0.02542
6387.6963	-0.02224	0.03459
6415.2228	-0.00352	0.02327
6421.0733	+0.00052	0.02592
6428.3802	-0.00978	0.13422
6431.0340	-0.00616	0.02393
6441.0096	-0.01214	0.02542
6446.5231	+0.00633	0.02451
6449.5549	+0.00055	0.02817
6456.9159	-0.01152	0.12592
6457.3521	+0.01263	0.02382
6462.3904	+0.00155	0.02491
6469.0511	-0.01398	0.02761
6501.8339	-0.00442	0.02422
6504.0427	+0.01048	0.02476
6515.3376	-0.00205	0.02540
6548.1065	-0.00697	0.02412
6580.7182	-0.00396	0.04450
6581.8565	-0.00917	0.02893
6618.2863	-0.00581	0.02475
6626.6536	+0.00372	0.02504
6629.3802	+0.02475	0.03777
6631.0677	+0.00294	0.02683
6666.2212	-0.00694	0.02576
6667.7305	-0.01873	0.04172
6673.4530	-0.01073	0.02514
6694.0888	-0.00551	0.02686
6708.5565	-0.00443	0.02787
6717.8701	+0.00564	0.02542
6720.4468	-0.01193	0.02768
6729.4842	+0.00801	0.02759
6741.6745	-0.00478	0.02660
6747.8052	+0.00615	0.02816
6756.4965	-0.00007	0.02688
6798.9969	-0.00385	0.03444
6818.3372	-0.00957	0.03231
6829.8492	-0.00645	0.03281
6856.5213	+0.01498	0.03580
6859.1932	-0.00018	0.04900
6868.6958	-0.00896	0.02871
6872.5357	+0.01071	0.02663
6881.8401	-0.01029	0.02863
6900.9624	+0.00665	0.02884
6905.4266	+0.01928	0.03461
6912.0503	+0.00587	0.03342
6926.1880	+0.02199	0.02845
6926.3763	+0.02101	0.03034
6936.4638	+0.00494	0.03011
6971.7404	-0.00031	0.02971
6972.8877	+0.01635	0.03129
6976.2886	-0.00673	0.03165
6976.6537	+0.01109	0.02806
6981.7550	+0.00810	0.02760
7020.9486	-0.00748	0.04519
7032.3268	-0.00668	0.03066
7054.7478	-0.00667	0.02759
7056.6602	+0.00628	0.02952
7061.0445	-0.00767	0.02992
7077.1639	+0.00586	0.02843
7078.5691	-0.00121	0.02980
7085.9462	-0.01175	0.02954
7089.2139	-0.00054	0.03214
7103.7350	-0.00040	0.03832
7114.4889	-0.00118	0.03300
7133.6500	-0.00645	0.03787
7139.9237	-0.00249	0.03049
7167.6152	+0.00386	0.03097
7179.2863	-0.00668	0.02839
7183.7926	+0.00046	0.03336
7233.6179	+0.01367	0.02990
7238.0541	-0.00261	0.03221
7240.2578	+0.01365	0.02990
7242.2033	+0.01101	0.03508
7264.3172	+0.01061	0.03153
7277.1077	+0.00479	0.03193
7290.4033	+0.00433	0.03049
7327.0560	+0.00757	0.03020
7342.7144	+0.02225	0.03065
7345.7232	-0.00221	0.03012
7346.5564	+0.01815	0.02945
7351.7738	+0.01185	0.02955
7352.6320	+0.02003	0.03191
7355.5298	+0.01231	0.03550
7357.5413	+0.02736	0.03732
7371.9952	+0.00353	0.03159
7384.9177	+0.03333	0.03744
7399.8867	-0.00255	0.02975
7401.3771	-0.00926	0.03142
7428.5205	+0.01440	0.03294
7431.0991	+0.01466	0.03749
7447.7507	-0.00750	0.03601
7455.0967	-0.00422	0.03772
7457.4892	-0.00459	0.03194
7459.1608	-0.01048	0.03268
7465.6675	+0.01518	0.03064
7466.0176	+0.00140	0.03757
7481.0596	-0.02017	0.05576
7489.4589	-0.02516	0.04821
7495.2634	-0.01193	0.03837
7508.4450	-0.02237	0.27898
7513.2393	-0.00094	0.03795
7518.5238	-0.08250	0.05226
7527.6892	-0.01006	0.03583
7531.1862	-0.00688	0.04878
7531.6903	-0.01759	0.02863
7534.5290	-0.01379	0.03157
7546.6073	-0.01599	0.03163
7551.2795	-0.01076	0.03720
7551.8188	-0.02183	0.04397
7565.5324	-0.03108	0.04978
7588.8607	-0.00814	0.03550
7590.7272	-0.02511	0.03497
7598.5013	-0.02595	0.03434
7624.5853	-0.02161	0.04166
7627.7321	-0.02155	0.04207
7644.6628	-0.01639	0.04104
7650.4502	+0.00111	0.03463
7666.2896	-0.00758	0.04940
7672.7653	-0.01490	0.03817
7676.7584	-0.00926	0.03346
7683.0901	-0.01995	0.02407
7684.3335	-0.01685	0.05047
7685.9889	-0.01251	0.04743
7689.2418	-0.01298	0.05032
7695.7705	-0.02237	0.03493
7700.8789	+0.00560	0.03200
7704.8670	-0.00023	0.07247
7708.4189	-0.00959	0.04515
7730.2029	-0.02231	0.06139
7737.5058	-0.01462	0.04992
7741.9719	-0.01145	0.03953
7744.4656	-0.01591	0.03700
7747.7245	-0.00781	0.03724
7756.4438	-0.01692	0.03268
7757.6142	-0.01591	0.03715
7769.5915	-0.00815	0.05567
7782.2800	-0.01297	0.03669
7784.1263	-0.00856	0.03909
7811.1656	-0.00684	0.03480
7811.7299	+0.01027	0.02743
7813.2162	-0.00261	0.03625
7816.8862	+0.01015	0.03355
7820.9474	-0.00391	0.03321
7822.8339	-0.00741	0.03926
7823.9212	-0.00446	0.03920
7824.4123	+0.00989	0.04648
7825.5626	+0.00455	0.03661
7826.5499	-0.00547	0.04328
7827.5981	-0.00211	0.04998
7829.5957	-0.00639	0.03993
7847.0924	+0.00235	0.03474
7848.9249	-0.01603	0.03082
7857.0780	+0.00108	0.06419
7868.3031	+0.00015	0.03541
7874.3418	-0.01516	0.04215
7879.2720	+0.00615	0.03931
7890.2870	-0.00912	0.03356
7899.2625	+0.01072	0.03902
7899.8667	+0.00702	0.04700
7916.1800	-0.00195	0.03700
7922.3968	+0.00093	0.03692
7925.3435	+0.00362	0.03744
7931.0691	-0.01021	0.03978
7938.7381	-0.00099	0.03847
7944.9419	+0.00231	0.04301
7947.4645	-0.02095	0.03576
7959.2326	+0.00970	0.04561
7961.1292	-0.00319	0.04282
7962.1894	+0.01375	0.03565
7974.9409	-0.00362	0.03775
7989.5599	+0.00280	0.02824
7999.0043	-0.00542	0.04082
8000.4718	-0.00462	0.04860
8003.3445	+0.02118	0.03628
8040.7227	+0.00924	0.04332
8047.3025	+0.00578	0.04330
8059.9018	+0.00797	0.03053
8070.3387	+0.02042	0.05683
8098.4643	+0.01860	0.04196
8099.9886	+0.03616	0.04301
8105.1321	+0.01006	0.05730
8112.7871	+0.01253	0.04241
8121.7695	+0.00193	0.03941
8134.4689	+0.01127	0.03885
8140.5806	-0.00033	0.03897
8169.5865	-0.00252	0.03927
8172.0711	-0.00018	0.04373
8177.9848	-0.00084	0.07204
8190.9672	+0.01063	0.04006
8197.3920	+0.01154	0.04425
8209.3153	-0.00729	0.05007
8223.1700	+0.00777	0.04063
8227.5312	-0.03135	0.04839
8237.5899	+0.00742	0.04121
8247.1534	+0.00611	0.04630
8252.5039	+0.00335	0.04832
8264.2161	-0.01483	0.04443
8300.5789	+0.02448	0.04600
8356.4530	+0.04402	0.04316
8363.3578	-0.13638	0.06461
8373.2685	+0.00477	0.04078
8378.8110	+0.03778	0.04913
8392.4377	+0.00054	0.05860
8403.9738	+0.00063	0.04067
8409.1313	+0.01761	0.04295
8409.9644	+0.04532	0.09524
8410.3105	+0.02435	0.03966
8411.4078	+0.02843	0.03975
8445.3800	+0.01238	0.05420
8451.7937	+0.03012	0.04353
8452.5610	+0.02171	0.05470
8489.4379	+0.01620	0.04749
8497.3200	+0.01944	0.04639
8499.3376	+0.01090	0.04637
8507.8199	+0.00267	0.04651
8508.4960	+0.01833	0.04416
8510.8407	+0.00715	0.04667
8512.3812	+0.04539	0.04370
8521.8396	+0.01053	0.06198
8550.6325	+0.01445	0.04034
8561.2493	+0.00810	0.03993
8567.4140	+0.00497	0.04456
8569.9806	+0.01677	0.04073
8597.5521	+0.03709	0.04497
8599.6287	-0.00675	0.04678
8605.1002	+0.00498	0.04895
8607.0297	-0.02057	0.04459
8625.1786	-0.00281	0.05543
8648.5159	-0.01025	0.07236
8651.3477	+0.02999	0.05052
8672.1143	+0.00371	0.04859
8678.0249	+0.00945	0.04798
8678.9461	+0.01747	0.04050
8683.2403	+0.00925	0.08416
8693.9682	+0.01347	0.04061
8704.3851	+0.00059	0.05291
8712.4913	-0.03151	0.06956
8713.7676	-0.00843	0.05092
8716.1123	-0.00439	0.04185
8718.0367	-0.00163	0.04113
8741.9872	+0.03475	0.04980

c0	0.0	vary
c1	0.0	vary
