2103.4551	+0.01419	0.01107
2107.9182	+0.00702	0.00267
2110.5996	+0.00935	0.00306
2112.0087	+0.00112	0.00241
2113.4602	+0.00654	0.00291
2117.1889	+0.00543	0.00252
2122.9399	+0.00162	0.00270
2123.0390	-0.00016	0.00258
2125.5395	+0.00070	0.00256
2126.1568	-0.00092	0.00245
2131.0706	-0.00183	0.00249
2131.3186	+0.00310	0.00241
2136.6156	+0.00129	0.00269
2136.8307	-0.00009	0.00258
2137.2819	-0.00104	0.00248
2137.3618	+0.00181	0.00275
2140.5896	-0.00152	0.00265
2140.6245	+0.00112	0.00250
2141.1585	+0.00313	0.00257
2141.2859	-0.00023	0.00261
2142.2139	+0.00182	0.00311
2142.6081	+0.00349	0.00330
2143.2451	+0.00045	0.00276
2143.5451	+0.00090	0.00454
2145.9098	-0.00049	0.00289
2147.6579	+0.00071	0.00255
2147.8401	+0.00411	0.00248
2148.8181	-0.00038	0.00268
2148.8791	-0.00306	0.00262
2150.6736	+0.00026	0.00272
2152.9680	-0.00116	0.00263
2155.6096	-0.00095	0.00255
2156.2398	-0.00422	0.00289
2162.9310	-0.00285	0.00289
2163.2903	-0.00132	0.00309
2163.4930	-0.00069	0.00268
2164.2094	+0.00132	0.00373
2167.1200	-0.00515	0.00256
2168.4904	-0.00457	0.00266
2169.7786	-0.00355	0.00278
2171.3608	-0.00508	0.00258
2171.8540	-0.00317	0.00262
2172.7752	-0.00457	0.00352
2173.0231	-0.00529	0.00280
2175.5016	-0.00130	0.00265
2175.5745	-0.00642	0.00258
2176.4869	-0.00672	0.00253
2177.3580	-0.00428	0.00300
2178.1993	-0.00318	0.00267
2180.3665	-0.00814	0.00269
2180.5005	-0.00329	0.00276
2181.4818	-0.00825	0.00319
2181.8421	-0.00329	0.00266
2181.9002	-0.00165	0.00281
2182.0911	-0.00552	0.00277
2185.2736	-0.00342	0.00294
2185.5869	+0.00009	0.00257
2187.2859	-0.00316	0.00290
2187.9334	-0.00183	0.00185
2188.3715	-0.00174	0.00256
2190.5877	-0.00450	0.00316

c0	0.0	vary
c1	0.0	vary
