1175.4100	-0.00673	0.00354
1175.4581	-0.00591	0.00403
1175.6380	-0.00718	0.00356
1176.5480	-0.00600	0.00361
1177.8858	-0.00498	0.00403
1177.9108	-0.00742	0.00400
1178.1398	-0.00959	0.00470
1178.5519	-0.00738	0.00445
1179.7391	-0.00073	0.00370
1179.7862	-0.00648	0.00404
1181.8040	-0.00381	0.00369
1181.8518	-0.00361	0.00358
1182.4248	-0.01309	0.00684
1182.6551	-0.00356	0.00383
1182.7939	-0.00354	0.00370
1183.7511	+0.00060	0.00370
1185.6619	-0.00873	0.00365
1187.1760	-0.00511	0.00447
1187.4182	-0.00368	0.00363
1187.4703	-0.00246	0.00534
1187.5891	-0.00355	0.00365
1188.6222	-0.00146	0.00426
1190.1320	-0.00600	0.00367
1192.0470	-0.01018	0.00416
1192.7939	-0.00774	0.00369
1194.3098	-0.00762	0.00369
1195.6919	-0.00520	0.00390
1196.5130	-0.00055	0.00719
1196.9988	-0.00121	0.00376
1197.5048	-0.00362	0.00370
1197.5890	-0.00432	0.00374
1197.6509	-0.00434	0.00368
1198.3988	-0.00389	0.00398
1200.1401	-0.00098	0.00373
1200.5651	-0.00060	0.00402
1200.8792	+0.00012	0.00371
1201.9987	+0.00407	0.00381
1202.3888	-0.00138	0.00375
1202.5152	-0.00206	0.00373
1203.0539	-0.00229	0.00713
1203.1060	-0.01239	0.00737
1203.2662	-0.00064	0.00462
1203.4479	-0.00104	0.00376
1204.0780	-0.00668	0.00383
1204.5112	-0.01345	0.00731
1205.6750	-0.00390	0.00767
1208.2721	-0.00413	0.00430
1210.5320	+0.00286	0.00380
1211.1111	-0.00124	0.00448
1211.9979	+0.00077	0.00387
1212.0532	+0.00265	0.00395
1212.2710	+0.00473	0.00410
1215.9961	-0.00201	0.00390
1217.1688	+0.00085	0.00380
1217.4732	+0.00192	0.00385
1218.4032	+0.00027	0.00386
1218.5330	-0.00493	0.00512
1219.5001	-0.00141	0.00402
1219.9750	-0.00103	0.00388
1220.3979	-0.00173	0.00389
1222.1729	+0.00196	0.00475
1222.2141	+0.00194	0.00432
1222.4970	-0.00174	0.00393
1224.0152	-0.00241	0.00435
1228.6100	+0.00846	0.00457
1233.2419	+0.00472	0.00419
1233.5731	+0.00637	0.00418
1234.1501	+0.00238	0.00414
1234.3512	+0.00612	0.00532
1234.5341	+0.00230	0.00412
1234.6489	+0.00469	0.00457
1236.5958	+0.00656	0.00445
1238.0069	+0.00845	0.00423
1239.4672	+0.00462	0.00414
1242.6669	+0.00262	0.00415
1244.6692	+0.00485	0.00465
1245.5209	+0.00211	0.00428
1249.0252	+0.00206	0.00418
1254.9149	+0.00633	0.00465
1255.1620	+0.00367	0.00415
1255.4679	+0.00176	0.00512
1256.3620	+0.00234	0.00430
1257.9360	+0.01144	0.00417
1258.7002	+0.00638	0.00414
1259.7471	+0.00559	0.00425
1260.9910	+0.00199	0.00441
1261.8710	-0.00131	0.00419
1263.2740	+0.00371	0.00426
1263.4891	+0.00185	0.00427
1267.7832	+0.00075	0.00424
1268.0841	+0.00210	0.00423
1268.8192	+0.00097	0.00517
1269.2320	+0.00508	0.00430
1269.4991	+0.00363	0.00424
1271.8291	+0.00284	0.00422
1272.6901	+0.00256	0.00426
1272.8200	+0.00519	0.00486
1272.9010	+0.00162	0.00425
1273.3611	+0.00022	0.00431
1274.9242	+0.00599	0.00471
1276.3271	+0.00468	0.00478
1276.6122	+0.01726	0.00810
1276.9370	+0.00207	0.00458
1284.0231	+0.00360	0.00457
1288.9989	+0.00794	0.00454
1289.8169	-0.00068	0.00448
1292.0619	+0.00291	0.00470
1293.0790	+0.00046	0.00504
1294.0429	+0.00003	0.00489
1294.1030	+0.00182	0.00464
1294.4561	-0.00226	0.00470
1295.4729	-0.00233	0.00492
1299.1928	-0.00291	0.00455
1299.4069	-0.00145	0.00456
1300.2851	+0.00141	0.00451
1300.6169	-0.00135	0.00440
1302.6959	-0.00189	0.00450
1302.9609	+0.00033	0.00460
1303.5009	+0.00017	0.00454
1305.6229	+0.00160	0.00495
1305.7710	+0.00056	0.00491
1305.8920	+0.00264	0.00446
1306.4198	-0.00283	0.00453
1308.2341	+0.00118	0.00448
1308.5770	-0.00226	0.00474
1310.0011	-0.00320	0.00522
1310.3070	+0.00025	0.00449
1310.9719	+0.00889	0.00843
1312.3360	+0.00246	0.00448
1313.5379	+0.00781	0.00467
1313.5821	-0.00099	0.00448
1314.1361	-0.00099	0.00448
1314.5731	+0.00239	0.00480
1315.5959	+0.00331	0.00450
1316.2640	-0.00010	0.00452
1316.7188	-0.00145	0.00449
1319.7959	-0.00073	0.00483
1319.8441	+0.00167	0.00456
1321.5202	-0.00468	0.00460
1322.3762	-0.00100	0.00456
1328.2069	-0.00240	0.00581
1328.4519	-0.00413	0.00487
1330.9851	-0.00100	0.00517
1331.4901	-0.00116	0.00513
1332.3592	+0.00066	0.00528
1334.9831	-0.00363	0.00538
1335.1342	-0.00394	0.00481
1338.8100	-0.00445	0.00496
1342.8550	-0.00306	0.00488
1344.7040	+0.00013	0.00488
1347.1621	-0.00370	0.00505
1347.5129	-0.00450	0.00495
1349.3341	-0.00256	0.00514
1349.6182	-0.00180	0.00524
1350.9052	+0.00134	0.00492
1352.5112	-0.00374	0.00544
1352.9872	-0.00709	0.00493
1353.9970	-0.00020	0.00547
1355.2139	-0.00226	0.00531
1358.2329	-0.00451	0.00504
1359.0819	-0.00769	0.00912
1361.8131	-0.00753	0.00542
1362.1128	-0.00300	0.00541
1362.3712	-0.00643	0.00939
1364.3822	-0.00399	0.00504
1364.6451	-0.00101	0.00544
1366.5219	-0.00313	0.00537
1370.1291	-0.00399	0.00540
1370.4711	-0.00480	0.00561
1371.2198	-0.00123	0.00985
1373.9391	-0.00510	0.00579
1375.8470	-0.00452	0.00515
1376.0321	-0.00430	0.00523
1376.7699	-0.00594	0.00504
1377.4251	-0.00492	0.00538
1377.9918	-0.00293	0.00505
1379.9579	-0.00709	0.00494
1381.2092	-0.00459	0.00501
1381.4461	-0.00378	0.00527
1381.8859	-0.00408	0.00530
1382.1930	+0.00214	0.00541
1382.3511	-0.00770	0.00497
1383.6080	+0.00432	0.00543
1383.7959	+0.00050	0.00676
1384.6691	-0.00356	0.00513
1386.1630	-0.00691	0.00533
1387.7750	-0.00229	0.00550
1388.0040	-0.00459	0.00501
1388.0731	-0.00221	0.00538
1389.7861	-0.00572	0.00552
1390.0892	-0.01287	0.00515
1392.6510	-0.00328	0.00555
1392.8251	-0.00409	0.00541
1393.5260	+0.00068	0.00506
1394.3230	-0.00479	0.00518
1394.4351	+0.00209	0.00519
1394.7840	+0.00275	0.00566
1395.6580	-0.00403	0.00516
1395.7220	+0.00108	0.00567
1396.4438	-0.00387	0.00508
1397.2271	-0.00482	0.00509
1397.3442	-0.00661	0.00503
1397.9190	-0.00217	0.00551
1398.6190	-0.00377	0.00518
1399.1411	-0.00267	0.00508
1400.1600	+0.00097	0.00543
1400.4341	-0.00274	0.00524
1401.1761	-0.00258	0.00506
1401.4048	-0.00331	0.00508
1401.7739	+0.00156	0.00526
1402.0469	-0.00471	0.00564
1402.1219	-0.00280	0.00537
1402.4579	-0.00354	0.00509
1402.5991	+0.00510	0.00502
1402.9068	-0.00251	0.00504
1403.1708	-0.00610	0.00507
1403.3100	-0.00531	0.00525
1403.5979	-0.00081	0.00517
1404.1020	-0.00451	0.00538
1405.4340	-0.00414	0.00503
1405.5441	-0.00089	0.00517
1406.0709	-0.00134	0.00517
1407.2120	+0.00483	0.00511
1407.2599	-0.00259	0.00560
1407.2831	-0.00653	0.00567
1407.5741	-0.00266	0.00598
1407.7729	-0.00263	0.00505
1407.9039	+0.00317	0.00520
1408.5440	-0.00095	0.00527
1409.4790	-0.00553	0.00510
1409.5349	-0.00447	0.00506
1409.7079	-0.00606	0.00597
1409.8010	-0.00206	0.00971
1410.3040	-0.00370	0.00520
1410.5282	-0.00402	0.01303
1410.6508	-0.00359	0.00512
1410.7451	+0.00208	0.00560
1411.3722	-0.00030	0.00702
1411.3989	-0.00969	0.00571
1411.8190	-0.00232	0.00522
1411.9242	-0.00294	0.00509
1412.2971	-0.00304	0.00507
1412.4918	-0.00143	0.00527
1412.8249	+0.00798	0.00509
1413.3591	-0.00401	0.00565
1413.6739	+0.00214	0.00699
1414.1370	-0.00278	0.00510
1416.1652	+0.00933	0.00529
1416.7792	+0.00291	0.00666
1417.0810	-0.00338	0.00564
1417.4581	-0.00312	0.00566
1418.4772	-0.00101	0.00681
1418.9662	-0.00162	0.00536
1420.3339	-0.00531	0.00566
1420.7951	+0.00223	0.00559
1421.2620	-0.00413	0.00523
1421.4789	+0.00512	0.00577
1422.0789	-0.00042	0.01028
1422.7180	-0.00275	0.00573
1422.9429	+0.00334	0.00540
1423.1142	+0.00488	0.01092
1423.6531	-0.00217	0.00597
1424.0009	-0.00660	0.00592
1426.0671	-0.00287	0.00556
1427.5612	-0.00097	0.00586
1428.0181	-0.00263	0.00552
1428.7028	-0.00893	0.00555
1430.3289	-0.00080	0.00547
1430.5431	-0.01014	0.00588
1430.9301	-0.00433	0.00547
1431.1029	-0.00466	0.00650
1431.5542	-0.00012	0.00587
1431.7110	-0.00530	0.00841
1432.0149	-0.00090	0.01008
1433.9361	-0.00127	0.00538
1435.9770	+0.00180	0.00583
1437.8709	+0.00146	0.00543
1438.7189	-0.00283	0.00566
1438.7660	+0.00230	0.00561
1439.4201	+0.00510	0.01043
1439.9220	-0.00365	0.00553
1440.2338	+0.00038	0.00712
1441.3879	+0.00381	0.00587
1442.0852	-0.00128	0.00556
1443.0051	-0.00419	0.00556
1443.6591	-0.00502	0.01021
1444.1060	+0.00222	0.00589
1444.3310	-0.00174	0.00546
1445.2790	+0.01641	0.00640
1445.5170	-0.00049	0.00571
1445.6590	+0.00060	0.00610
1445.8220	+0.00045	0.01033
1446.3611	-0.00189	0.00610
1447.3011	-0.00108	0.00581
1447.9631	-0.00107	0.00563
1448.1679	-0.00412	0.00548
1448.8139	-0.00249	0.00567
1450.4028	-0.00484	0.00561
1450.5002	-0.00185	0.00597
1451.1931	-0.00009	0.00553
1451.7831	+0.00521	0.00623
1452.4782	-0.00298	0.00639
1452.5688	-0.00297	0.00540
1452.8869	+0.00136	0.00628
1453.0939	+0.01671	0.01033
1453.4052	-0.00159	0.00600
1453.7048	+0.00037	0.00555
1454.0291	-0.00314	0.00547
1454.2652	+0.00241	0.00685
1454.6021	-0.00011	0.00540
1454.9568	+0.00592	0.01450
1455.5830	-0.00346	0.00552
1456.5742	+0.00986	0.00584
1456.7381	+0.00344	0.00545
1457.5119	-0.00559	0.00568
1457.7839	-0.00436	0.00558
1457.8940	+0.00343	0.00639
1458.2020	-0.00157	0.00550
1458.7012	+0.00436	0.00566
1459.6742	-0.00137	0.00603
1460.4401	-0.00128	0.00603
1461.6161	+0.01138	0.01050
1462.0189	+0.00343	0.00680
1462.1550	-0.00068	0.00636
1462.7001	+0.00176	0.00564
1463.3320	+0.00219	0.00709
1463.7560	-0.00237	0.00554
1464.7420	+0.00376	0.01397
1465.1240	-0.00466	0.00564
1465.2161	-0.00147	0.00551
1465.9839	+0.00933	0.00639
1467.0809	+0.00773	0.01130
1467.1531	+0.00081	0.00571
1467.4091	-0.00010	0.00619
1467.5950	-0.00324	0.00557
1468.2272	+0.00362	0.00598
1468.3989	+0.00264	0.00588
1468.5730	+0.00972	0.00828
1469.5112	-0.00073	0.00648
1469.6492	-0.00110	0.00625
1469.8872	-0.00063	0.00591
1470.0451	+0.01823	0.00836
1470.2611	-0.00464	0.01463
1471.2549	+0.00137	0.00684
1471.5181	+0.00609	0.00652
1471.7671	-0.00347	0.00613
1472.3319	-0.00434	0.00568
1472.4562	-0.00014	0.00553
1473.1551	-0.00012	0.00592
1475.5620	-0.00764	0.00650
1475.7002	+0.00167	0.00558
1475.8010	-0.00371	0.00559
1476.2740	-0.00056	0.00614
1477.0460	+0.00394	0.00558
1477.5061	-0.00353	0.00561
1477.6501	-0.00056	0.00560
1477.9772	+0.00241	0.01429
1478.1200	+0.00341	0.00571
1478.2531	+0.00307	0.00561
1478.3239	+0.00034	0.00562
1478.4362	-0.00247	0.00579
1478.5269	-0.00316	0.00784
1478.5721	-0.00028	0.00553
1478.6181	-0.00591	0.00576
1478.8350	-0.00049	0.00576
1479.1361	-0.00262	0.00556
1479.6950	-0.00329	0.00556
1479.8489	-0.00068	0.00652
1479.8871	+0.00086	0.00562
1480.0931	-0.02120	0.01091
1480.5271	+0.00064	0.00567
1480.9530	-0.00242	0.00562
1481.0352	+0.00154	0.00597
1481.4750	+0.00133	0.00562
1481.7039	-0.00993	0.00769
1482.1270	-0.00165	0.00558
1482.4170	+0.00172	0.00556
1482.5848	-0.00119	0.00574
1483.4000	+0.00271	0.00614
1483.4701	-0.00518	0.00557
1483.5080	-0.00050	0.00575
1483.5980	-0.00145	0.00567
1483.8250	-0.00455	0.00743
1484.0458	+0.00044	0.00560
1484.2109	+0.00052	0.00564
1484.2981	+0.00312	0.00892
1484.6612	+0.00124	0.00561
1484.9318	-0.00240	0.00564
1486.5380	+0.00141	0.00638
1486.8271	+0.00065	0.00567
1487.5611	+0.00020	0.00567
1487.7231	-0.00759	0.00567
1488.0710	+0.00118	0.00623
1489.3189	+0.00392	0.00595
1490.4309	-0.00534	0.00563
1490.4942	-0.00302	0.00566
1490.8669	+0.00200	0.00562
1491.7131	-0.00204	0.01087
1491.8299	+0.00321	0.00581
1492.3521	+0.00960	0.00853
1492.8740	-0.00081	0.00567
1492.9511	-0.00129	0.00669
1493.5899	-0.00126	0.00663
1494.7468	-0.00079	0.00664
1495.5060	+0.00060	0.00624
1495.5469	+0.00043	0.00572
1496.2469	+0.00135	0.00755
1496.8310	+0.00356	0.00585
1497.3519	+0.00129	0.00610
1497.7239	+0.00025	0.00570
1498.4260	-0.00050	0.00640
1498.5659	-0.00217	0.00574
1499.7560	+0.00043	0.00910
1500.6749	+0.00014	0.00604
1500.9012	+0.00696	0.00879
1501.0542	-0.00254	0.00610
1501.6759	+0.00277	0.00583
1502.4351	+0.00070	0.00587
1502.6881	-0.00152	0.00589
1502.9669	-0.00439	0.00677
1503.4221	+0.00038	0.00680
1503.6071	-0.00104	0.00602
1504.0859	+0.00069	0.00649
1504.2689	-0.00779	0.00655
1504.3979	+0.01331	0.01526
1504.6620	-0.00137	0.00592
1504.7829	-0.00306	0.00587
1505.4091	-0.00026	0.00592
1505.7741	-0.00159	0.00680
1506.8631	+0.00212	0.00623
1508.3271	+0.00106	0.00725
1508.8670	+0.00630	0.00926
1509.1552	+0.01661	0.00672
1511.2741	-0.00514	0.00587
1511.9880	-0.00335	0.00617
1512.6321	-0.00424	0.00681
1512.6781	-0.00409	0.00619
1513.6019	-0.00455	0.00651
1515.6939	-0.00367	0.00613
1516.3649	-0.00905	0.00598
1516.7530	-0.00153	0.00593
1517.4411	-0.00500	0.00615
1518.3741	-0.00240	0.00671
1518.5599	+0.00369	0.00595
1518.6551	+0.00548	0.00594
1519.2469	-0.00544	0.00690
1520.0299	-0.00037	0.00666
1521.2361	-0.00126	0.00654
1522.2411	-0.01154	0.01161
1522.4891	+0.00260	0.01204

c0	0.0	vary
c1	0.0	vary
