1665.1290	+0.00640	0.00732
1666.1179	+0.00531	0.00737
1666.1979	+0.00643	0.00748
1667.7959	+0.00458	0.00732
1672.9141	+0.00738	0.00736
1673.6630	+0.00651	0.00735
1674.0741	-0.00765	0.01392
1677.3141	+0.01173	0.01423
1680.8411	+0.00557	0.00742
1683.8870	+0.00391	0.00863
1684.5829	+0.00599	0.00857
1685.0331	+0.01573	0.00768
1685.9051	+0.00827	0.00744
1689.8000	+0.01008	0.00750
1692.7660	+0.01388	0.00839
1694.5471	-0.00435	0.00762
1694.8959	+0.00550	0.00752
1696.0791	+0.00460	0.00754
1698.6891	+0.00692	0.00758
1699.4161	+0.00832	0.01138
1700.1280	+0.00544	0.00786
1700.9520	+0.00229	0.00819
1702.2661	-0.00084	0.00784
1705.7050	-0.00719	0.01462
1706.7431	+0.00330	0.00791
1707.5139	+0.00034	0.00788
1710.1389	+0.00421	0.00790
1712.0581	+0.00764	0.01169
1712.8480	-0.00517	0.01492
1717.1519	+0.00718	0.00883
1717.7700	-0.00758	0.00893
1720.0340	+0.00182	0.00820
1722.0111	+0.00444	0.00801
1723.6411	+0.00416	0.00802
1725.5531	-0.00696	0.01971
1727.1939	+0.00463	0.00781
1728.3019	+0.00575	0.00778
1729.7021	+0.00617	0.00787
1731.4421	+0.00514	0.00784
1731.5261	+0.00259	0.00782
1732.3820	+0.00395	0.00792
1734.0289	-0.00028	0.00795
1736.6462	+0.01341	0.00937
1736.9962	+0.00089	0.00947
1737.9721	-0.00486	0.01533
1738.9709	+0.00671	0.00984
1739.8398	-0.00097	0.01026
1740.0560	+0.00349	0.00912
1740.4710	+0.00533	0.00792
1742.0729	+0.00420	0.00793
1743.3771	+0.00019	0.00917
1743.9569	+0.00161	0.00798
1745.3290	+0.00974	0.00801
1745.8791	+0.00781	0.00792
1746.2250	+0.00143	0.00842
1747.9490	-0.00564	0.01261
1749.1600	+0.00419	0.00854
1750.4860	+0.00225	0.01054
1754.5830	+0.00061	0.00856
1754.9340	+0.01227	0.01566
1755.4450	+0.00226	0.01114
1755.5220	-0.00177	0.00868
1758.1959	-0.00295	0.00814
1758.2769	+0.00215	0.00989
1759.2780	+0.00468	0.01004
1759.3180	-0.00480	0.01232
1759.9160	+0.01989	0.00859
1760.5179	-0.01520	0.01543
1760.8589	+0.00025	0.00846
1761.0521	+0.00649	0.01119
1763.0051	+0.00315	0.00834
1764.8591	-0.01368	0.01583
1765.0871	-0.00485	0.00910
1765.2991	+0.00841	0.00817
1766.4320	+0.00662	0.00817
1768.1141	+0.00357	0.00821
1769.0639	+0.00093	0.00820
1771.3281	-0.00319	0.00824
1772.1290	+0.01007	0.00832
1774.2571	+0.00652	0.00993
1776.8792	+0.00211	0.01076
1777.7162	+0.00384	0.00925
1778.4221	+0.00642	0.00960
1778.7321	+0.01451	0.00832
1779.4601	+0.00389	0.01192
1780.2101	+0.00854	0.00912
1780.5959	+0.00762	0.00822
1780.9630	+0.01837	0.02093
1785.3302	+0.01137	0.01033
1785.8851	+0.00345	0.00822
1786.6910	+0.00690	0.01576
1787.1540	+0.00529	0.00823
1787.7700	+0.01169	0.00827
1788.4619	+0.01048	0.00879
1789.1291	+0.01402	0.00831
1789.2471	+0.01097	0.00826
1790.0710	+0.00768	0.00928
1791.2740	+0.00888	0.00946
1791.6901	+0.01325	0.00930
1791.9380	-0.00140	0.00886
1792.1011	+0.01135	0.00942
1792.5689	+0.01038	0.00836
1792.7942	+0.01437	0.00931
1793.5021	+0.00061	0.00977
1793.6951	+0.01727	0.01153
1793.9730	+0.00386	0.00830
1794.6140	+0.00008	0.01652
1794.8221	+0.00475	0.00833
1795.6619	+0.00497	0.00832
1797.0109	+0.01363	0.00950
1797.0849	+0.00343	0.00832
1800.8389	+0.00794	0.00998
1800.9021	+0.00403	0.00846
1802.1859	+0.01022	0.00847
1802.2920	+0.00754	0.00847
1802.4302	+0.02614	0.02145
1803.1001	+0.02681	0.02167
1803.2310	+0.02524	0.02126
1803.3991	+0.01386	0.00884
1804.3540	+0.00575	0.00863
1807.7760	+0.01132	0.01038
1808.1060	+0.00669	0.01039
1808.5162	+0.01049	0.00851
1809.5559	+0.00351	0.00858
1810.7749	-0.00078	0.01022
1811.8939	-0.00953	0.01299
1812.3751	+0.01042	0.01127
1814.2951	+0.00854	0.00856
1816.4840	+0.01551	0.00987
1816.6430	+0.00822	0.00860
1817.0229	+0.00935	0.00973
1817.3439	+0.01123	0.01015
1819.5950	+0.00806	0.00860
1820.8600	+0.00882	0.01693
1821.3331	+0.00997	0.00962
1821.4510	+0.00641	0.01272
1822.5139	+0.01184	0.00874
1823.7030	+0.00782	0.01057
1823.8551	+0.00474	0.00997
1825.2149	+0.01614	0.00860
1828.1961	+0.01636	0.01006
1828.5889	+0.01611	0.01054
1828.8490	+0.02856	0.02187
1829.3131	+0.01992	0.01727
1829.7420	+0.01111	0.01657
1830.3111	+0.01224	0.01005
1830.5930	+0.01328	0.01794
1830.7270	+0.00370	0.00864
1830.8720	+0.01034	0.00865
1832.3310	+0.00768	0.00866
1833.1200	+0.01369	0.00865
1833.2401	+0.01133	0.00865
1835.2190	+0.00405	0.00909
1835.6961	+0.01498	0.01015
1836.4709	+0.01115	0.00868
1836.6350	+0.01188	0.00877
1836.7051	+0.01392	0.00883
1837.0740	+0.00418	0.01288
1837.9841	+0.01215	0.01148
1838.1980	+0.00588	0.00871
1838.4559	+0.00853	0.00869
1840.9539	+0.00733	0.00970
1841.5141	+0.01152	0.00992
1841.7290	+0.01570	0.00874
1841.9260	+0.01114	0.01012
1842.3649	+0.00603	0.00870
1843.9100	+0.00934	0.00878
1846.8362	+0.00815	0.00887
1847.0141	+0.00454	0.01026
1847.1669	+0.00724	0.01098
1848.3579	+0.01183	0.01162
1849.3811	+0.00651	0.01017
1850.0989	+0.01112	0.00874
1851.8912	+0.01313	0.00890
1852.4809	+0.00813	0.00901
1853.7540	+0.01283	0.00886
1854.1809	-0.00484	0.00984
1855.0041	+0.00154	0.00902
1855.1169	+0.01113	0.00880
1855.6010	+0.00864	0.01004
1856.1441	+0.00654	0.00895
1857.2121	+0.00591	0.00935
1857.7909	+0.02387	0.01359
1858.1979	+0.00444	0.00881
1859.2699	+0.00957	0.00921
1859.3279	+0.00778	0.00883
1860.1670	+0.00570	0.01328
1860.2570	-0.00529	0.00886
1860.8761	+0.00288	0.01028
1861.0400	+0.01078	0.00884
1861.4669	+0.00339	0.00887
1863.0440	+0.00301	0.00889
1863.2891	+0.00757	0.01011
1863.3931	+0.00074	0.00885
1863.6699	-0.01046	0.00996
1864.1410	-0.01429	0.02273
1865.1390	+0.00447	0.01008
1865.2321	+0.00422	0.00886
1865.6981	+0.00397	0.01016
1866.1791	+0.00186	0.01093
1866.6780	+0.01013	0.00890
1867.2241	+0.00218	0.00904
1867.5649	+0.00309	0.01037
1867.9820	+0.00395	0.00890
1870.8261	+0.00157	0.00902
1872.7369	+0.00363	0.00922
1873.4340	+0.00779	0.00897
1873.4700	+0.00468	0.01792
1873.9969	+0.00613	0.00904
1875.3089	+0.00138	0.00886
1875.3880	+0.00360	0.00898
1875.7540	+0.00103	0.00887
1876.5490	+0.00100	0.00897
1876.9330	-0.00350	0.02319
1877.2802	-0.00769	0.00890
1877.6940	+0.00375	0.00894
1878.4591	+0.00242	0.00901
1878.8230	-0.00488	0.00892
1879.2351	+0.00123	0.00906
1879.5711	-0.00140	0.01007
1879.6731	+0.00585	0.00893
1879.8449	+0.00203	0.01036
1880.9190	+0.00275	0.01041
1881.2239	+0.00313	0.00897
1882.0310	+0.00219	0.01103
1882.8429	+0.00513	0.00934
1883.1839	+0.00135	0.00896
1883.6470	+0.00400	0.01000
1883.7000	+0.00152	0.00999
1883.7890	+0.00202	0.00895
1884.1050	+0.00674	0.00895
1884.3990	+0.00300	0.00939
1884.6529	+0.00716	0.01009
1885.0149	+0.00115	0.00906
1885.3279	-0.00576	0.00897
1885.9399	+0.00463	0.01045
1886.1319	+0.00614	0.00895
1886.4120	+0.00081	0.00896
1886.4909	+0.00233	0.00898
1886.6241	+0.00190	0.00899
1886.7920	+0.00217	0.00896
1887.1800	-0.00424	0.01086
1887.4900	+0.00228	0.00899
1888.2941	-0.00024	0.00903
1889.6740	-0.00513	0.01186
1889.8319	+0.00463	0.00899
1890.8270	-0.00229	0.00912
1892.0501	-0.00268	0.01027
1892.1830	-0.00011	0.00901
1892.2660	+0.00272	0.00908
1892.5060	+0.00269	0.00902
1893.1809	-0.01670	0.01767
1893.3340	-0.00522	0.01832
1893.5691	+0.00340	0.00909
1893.7511	+0.00041	0.01076
1894.3581	+0.00223	0.00920
1894.5200	+0.00553	0.00910
1894.6720	+0.00350	0.00908
1895.1460	+0.00080	0.00921
1895.4741	+0.00009	0.00941
1896.2899	+0.01042	0.01364
1896.4301	-0.00255	0.01212
1897.0821	+0.00410	0.00909
1898.2000	+0.00333	0.00906
1899.4910	+0.00501	0.00978
1899.6270	+0.00092	0.01209
1900.5611	-0.00019	0.01052
1900.8111	+0.00213	0.00963
1902.2150	+0.00299	0.00932
1903.0830	+0.00348	0.01047
1903.1151	+0.00410	0.01057
1904.2119	+0.00305	0.00934
1904.8621	+0.00900	0.00997
1904.9809	+0.00612	0.00932
1906.0400	+0.00522	0.00928
1906.1261	-0.00083	0.00926
1906.7499	+0.00805	0.02415
1907.9560	+0.00467	0.00929
1909.2579	-0.00188	0.00931
1909.4711	-0.00270	0.00956
1909.8950	+0.00317	0.00932
1910.2420	+0.00423	0.00936
1911.2509	+0.02511	0.01125
1912.6511	-0.00087	0.00933
1913.2839	-0.00129	0.02375
1913.6221	+0.00497	0.00934
1913.9640	+0.00234	0.00945
1914.6811	+0.00373	0.00937
1916.1059	-0.00136	0.00935
1916.7410	+0.00027	0.00940
1917.2009	-0.00090	0.00992
1918.5619	+0.00107	0.00939
1919.1619	-0.00222	0.00937
1921.7629	-0.00250	0.00942
1922.1780	+0.00152	0.00947
1922.3939	-0.00192	0.00946
1922.4590	+0.00019	0.00946
1922.6890	-0.00147	0.00944
1923.3650	+0.00069	0.00943
1924.4509	+0.00017	0.00945
1925.1840	+0.00278	0.00940
1926.8839	+0.00192	0.00949
1927.0949	-0.00511	0.00940
1927.6780	-0.00361	0.00943
1927.7740	+0.00240	0.00941
1927.8211	-0.00130	0.00944
1928.2460	+0.00408	0.00953
1929.7059	-0.00360	0.00949
1929.9200	+0.00056	0.00944
1930.0011	+0.00178	0.00980
1930.3490	-0.00221	0.00943
1930.8131	+0.00474	0.01015
1931.3679	-0.00072	0.01083
1931.7391	+0.01573	0.00948
1932.1810	-0.01305	0.02437
1932.8720	+0.00260	0.00946
1933.4911	-0.00194	0.00945
1933.7751	-0.00085	0.00952
1933.8650	+0.00844	0.01003
1935.2901	-0.00587	0.01105
1935.5880	+0.00012	0.00947
1936.4781	-0.00180	0.00951
1936.6590	-0.00093	0.00954
1937.1271	+0.00314	0.00949
1937.7260	+0.00085	0.00972
1939.1610	-0.00224	0.01266
1939.2991	+0.00232	0.01201
1940.7701	-0.00131	0.00976
1940.8531	-0.00303	0.00952
1940.9300	-0.00100	0.00966
1941.5560	-0.00160	0.00964
1941.9391	-0.00052	0.00958
1943.2481	+0.00114	0.00961
1943.6500	-0.00248	0.00975
1943.8350	+0.00245	0.00954
1945.0530	-0.00332	0.00958
1946.4171	+0.00091	0.00959
1946.9000	-0.00231	0.00958
1947.0360	-0.00030	0.00958
1948.3640	+0.00110	0.00965
1949.1559	+0.00152	0.00963
1949.7590	-0.00395	0.00963
1950.8641	+0.00123	0.00959
1951.0180	-0.00714	0.02542
1951.9681	+0.01178	0.00975
1952.3951	+0.00461	0.00960
1953.3209	+0.00135	0.00974
1953.5309	-0.00070	0.01148
1954.0919	+0.00152	0.00960
1954.1961	+0.00430	0.00976
1954.3859	+0.00259	0.00963
1954.4549	-0.01347	0.01574
1954.5349	+0.00026	0.00961
1955.2680	-0.00100	0.00965
1955.5209	+0.00230	0.00980
1955.9921	+0.00066	0.00968
1956.9571	-0.00444	0.01220
1957.0390	+0.00519	0.00968
1957.3380	+0.00129	0.00964
1957.9081	-0.00188	0.00965
1958.0010	+0.00357	0.00967
1958.3871	+0.00018	0.00965
1958.6870	+0.00396	0.00976
1959.9611	+0.00056	0.00969
1960.7350	+0.00079	0.00979
1961.2650	-0.00376	0.01198
1961.9291	-0.00238	0.00973
1962.4181	+0.00049	0.01289
1963.4011	+0.00236	0.00991
1963.7309	+0.01002	0.01084
1963.7861	-0.00241	0.01086
1963.9110	+0.00223	0.00988
1963.9739	+0.00222	0.00970
1965.9699	-0.00179	0.00972
1966.2080	+0.00430	0.01471
1966.5020	-0.00344	0.00977
1966.7101	+0.00363	0.00977
1967.2330	+0.00261	0.00993
1967.3730	+0.00776	0.00987
1967.6081	+0.00327	0.00993
1968.2269	+0.00107	0.00980
1968.5301	+0.00194	0.00988
1969.6501	+0.00216	0.00999
1969.7910	-0.00117	0.00976
1970.0909	-0.00306	0.01064
1970.5729	-0.00040	0.00980
1971.2480	+0.00267	0.01307
1971.2870	+0.00179	0.00980
1971.6360	+0.00146	0.00988
1971.7300	+0.00137	0.00979
1971.9129	+0.00432	0.01116
1972.2000	-0.00034	0.00980
1972.6169	+0.00168	0.00984
1972.8570	+0.00164	0.00979
1973.3670	+0.00421	0.00980
1973.5900	+0.00331	0.00981
1975.5820	+0.00086	0.00988
1975.7819	-0.00244	0.01210
1978.4270	-0.00199	0.00991
1979.6920	-0.00096	0.00998
1979.7449	+0.00220	0.02564
1980.1909	-0.01133	0.01969
1980.2871	-0.00283	0.00995
1980.8669	+0.00113	0.00998
1980.9501	+0.00103	0.00991
1981.1400	+0.00340	0.01004
1981.5800	-0.00056	0.01004
1982.4280	+0.00469	0.00991
1982.4919	-0.00038	0.00997
1982.7850	+0.00007	0.01019
1982.9811	-0.00274	0.00993
1983.0659	+0.00151	0.00998
1983.3111	+0.00025	0.00994
1984.2499	+0.00263	0.00994
1984.3480	+0.00748	0.01311
1984.3799	-0.00436	0.01011
1984.6980	+0.00281	0.00999
1984.8701	+0.00153	0.01021
1985.0231	+0.00516	0.00995
1985.9950	+0.00284	0.01508
1987.6309	-0.00099	0.00998
1988.1390	+0.00059	0.00999
1988.7701	+0.00058	0.01004
1989.3189	-0.00194	0.01001
1989.6460	+0.00127	0.01020
1991.5090	+0.00195	0.01136
1991.6221	+0.01348	0.01245
1991.8361	+0.00337	0.01004
1991.9831	-0.00078	0.01002
1993.3460	+0.00052	0.01142
1993.4220	-0.00046	0.01120
1994.0269	+0.00062	0.01005
1994.6921	-0.00336	0.01004
1995.9889	-0.00120	0.01131
1996.0231	+0.00121	0.01124
1996.4230	+0.00090	0.01269
1996.7149	+0.00083	0.01018
1997.9121	-0.00091	0.01007
1998.0641	+0.00216	0.01010
1998.5979	+0.00755	0.01023
1998.9050	+0.00281	0.01019
1999.7951	-0.00225	0.01012
1999.9021	+0.00553	0.01143
2000.1160	-0.00011	0.01522
2000.4621	+0.00044	0.01012
2000.5871	+0.00264	0.01011
2001.4410	+0.00328	0.01025
2001.5481	+0.00296	0.01038
2001.8389	+0.00792	0.01016
2003.0010	+0.00314	0.01013
2003.9080	-0.00035	0.01030
2004.4161	+0.00298	0.01026
2005.8170	+0.00352	0.01019
2006.0719	+0.00154	0.01247
2006.5650	+0.00332	0.01017
2006.7630	+0.00852	0.01020
2007.7380	+0.00191	0.01019
2008.0659	+0.00497	0.01021
2009.1069	+0.00546	0.01023
2009.4671	+0.00492	0.01045
2009.9050	+0.00444	0.01021
2010.3391	+0.00601	0.01026
2011.0080	+0.00909	0.01540
2011.3880	+0.01138	0.01026
2011.5931	+0.00525	0.01024
2012.8959	+0.00500	0.01026
2013.0151	+0.00307	0.01024
2013.8969	+0.01285	0.01061
2014.9461	+0.00249	0.01025
2015.2140	+0.00404	0.01028
2015.2670	+0.00382	0.01026
2015.4879	+0.00308	0.01025
2015.5911	+0.00561	0.01025
2016.6370	+0.01288	0.01032
2016.7110	+0.00527	0.01029
2017.7449	+0.00968	0.01030
2018.3849	+0.00769	0.01030
2020.7780	+0.00595	0.01036
2021.2489	+0.00987	0.01030
2022.0271	+0.00282	0.01031
2022.7659	+0.00349	0.01031
2023.0050	+0.00552	0.01038
2023.3900	+0.00579	0.01032
2023.8481	+0.00326	0.01039
2024.5401	+0.00780	0.01038
2024.5731	+0.00788	0.01156
2024.9541	+0.00627	0.01057
2025.2960	+0.00378	0.01033
2026.0069	+0.00516	0.01165
2026.9479	+0.00929	0.01034
2027.1020	+0.00409	0.01034
2027.1939	+0.00746	0.01045
2027.3151	+0.00869	0.01046
2028.2090	+0.00878	0.01048
2028.7800	+0.00981	0.01036
2028.9259	+0.01159	0.01126
2028.9589	+0.00462	0.01041
2029.1920	-0.00788	0.01444
2029.8140	+0.00703	0.01035
2030.1310	+0.00543	0.01038
2031.2561	+0.00541	0.01037
2031.4550	+0.00414	0.01038
2031.5580	+0.00516	0.01051
2031.8649	+0.00727	0.01042
2032.1169	+0.00289	0.01039
2032.2529	+0.00360	0.01049
2032.4799	+0.00312	0.01046
2033.0151	+0.00241	0.01046
2033.1289	+0.00794	0.01044
2033.4781	+0.00712	0.01040
2033.7190	+0.00085	0.01291
2033.9500	+0.00324	0.01041
2034.1860	+0.00716	0.01043
2034.2900	+0.00512	0.01041
2034.8940	+0.00687	0.01047
2036.0611	+0.00787	0.01042
2036.1031	+0.00812	0.01303
2036.4150	+0.00727	0.01164
2037.5779	-0.00520	0.01165
2038.3660	+0.00694	0.01055
2038.6820	-0.00767	0.01301
2039.3810	+0.00096	0.01046
2043.1029	+0.00004	0.01068
2044.6859	+0.01025	0.01055
2045.4651	+0.00318	0.01062
2045.5639	-0.00008	0.01072
2045.9140	+0.00663	0.01057
2046.3901	+0.00683	0.01062
2046.6921	+0.00721	0.01058
2046.7541	+0.00767	0.01066
2046.9230	+0.00268	0.01058
2047.2080	+0.00580	0.01076
2047.3310	+0.01149	0.01069
2047.3689	+0.00629	0.01053
2047.7880	+0.00560	0.01233
2048.1480	+0.00281	0.01054
2048.4250	+0.00664	0.01059
2048.7980	+0.00667	0.01055
2048.8650	+0.00432	0.01054
2049.6241	+0.00382	0.01056
2050.0361	+0.00348	0.01057
2050.5871	-0.00017	0.01067
2050.8119	+0.00057	0.01063
2050.9110	+0.00593	0.01061
2051.7360	+0.00598	0.01062
2051.9881	+0.00301	0.01059
2052.0780	+0.01207	0.01064
2052.1311	+0.00082	0.01072
2052.1981	+0.00376	0.01075
2052.4341	+0.00628	0.01066
2053.5310	+0.00718	0.01063
2053.8149	-0.00064	0.01062
2054.1680	+0.00388	0.01063
2054.5969	+0.00487	0.01061
2056.3260	+0.00519	0.01067
2056.4091	+0.00598	0.01069
2056.5451	+0.00908	0.01063
2056.7710	+0.00218	0.01062
2057.0420	+0.00241	0.01070
2058.3710	+0.00279	0.01069
2058.6630	+0.00198	0.01093
2058.7960	+0.00780	0.01069
2060.5690	+0.00443	0.01075
2060.6360	+0.00591	0.01218
2060.7460	+0.00511	0.01082
2061.4211	+0.00477	0.01071
2062.8699	+0.00275	0.01072
2063.1610	+0.00170	0.01070
2063.4779	+0.00550	0.01073
2063.5920	+0.00495	0.01071
2063.7651	+0.00704	0.01106
2063.9660	+0.00357	0.01086
2064.1760	+0.00564	0.01069
2064.2910	+0.00533	0.01071
2064.7361	-0.00116	0.01081
2065.1770	+0.00814	0.01072
2065.8949	+0.00343	0.01072
2066.2700	+0.01291	0.01107
2067.0340	+0.00627	0.01089
2067.7121	+0.00118	0.01078
2068.5591	+0.00559	0.01077
2069.2580	+0.00319	0.01074
2070.0420	+0.00295	0.01077
2070.3380	+0.00583	0.01077
2070.7679	+0.00305	0.01078
2071.5331	+0.00216	0.01084
2071.9909	+0.00588	0.01263
2072.5340	+0.00708	0.01079
2072.8860	+0.00591	0.01085
2073.2149	+0.00569	0.01100
2073.4620	+0.00288	0.01079
2073.7389	+0.00694	0.01081
2074.8511	+0.00766	0.01085
2075.7471	+0.00138	0.01089
2076.3581	+0.00589	0.01178
2076.5051	+0.00526	0.01084
2076.8411	+0.00129	0.01081
2077.3369	+0.00579	0.01082
2077.4501	+0.00833	0.01082
2077.5439	+0.00475	0.01080
2078.4261	+0.00723	0.01460
2078.4889	+0.00367	0.01088
2079.0200	+0.00128	0.01086
2079.4411	+0.00415	0.01085
2079.4969	+0.00235	0.01086
2080.2801	+0.00343	0.01276
2081.7881	+0.00407	0.01088
2082.8099	+0.00631	0.01088
2083.1231	+0.00353	0.01101
2083.4120	+0.00222	0.01087
2083.5039	+0.00421	0.01093
2084.3441	+0.00652	0.01093
2085.2459	+0.00488	0.01442
2086.7120	+0.00931	0.01096
2087.1999	-0.00026	0.01279
2087.3000	+0.00173	0.01111
2087.3870	-0.00131	0.01093
2088.0419	+0.00032	0.01094
2088.3460	+0.00575	0.01093
2088.7690	+0.00072	0.01098
2088.8480	+0.00483	0.01095
2089.3060	+0.00083	0.01095
2089.4729	+0.00454	0.01094
2089.7441	+0.00641	0.01110
2090.1530	-0.00248	0.01093
2091.2379	+0.00115	0.01099
2091.4110	-0.00271	0.01103
2091.7580	+0.00307	0.01095
2091.8261	-0.00034	0.01102
2092.5090	+0.00135	0.01106
2093.9089	+0.00144	0.01103
2094.1549	-0.00262	0.01102
2094.9529	+0.00383	0.01114
2096.4961	-0.00074	0.01101
2096.7870	+0.00777	0.01101
2096.8320	+0.00197	0.01102
2096.8899	+0.00828	0.01125
2096.9850	+0.00655	0.01572
2097.0749	+0.00818	0.01106
2097.1601	+0.00483	0.01101
2097.2341	+0.00584	0.01103
2097.2840	+0.00828	0.01101
2097.5130	+0.00676	0.01106
2097.6010	+0.00838	0.01107
2097.8061	+0.00086	0.01103
2098.2750	+0.00620	0.01112
2098.5229	+0.00681	0.01105
2098.9031	+0.00346	0.01103
2099.4020	+0.00171	0.01106
2099.7569	+0.00508	0.01456
2099.9481	+0.00380	0.01110
2101.6511	+0.00357	0.01493
2101.7779	+0.00822	0.01113
2101.8771	+0.01132	0.01115
2102.9070	+0.00809	0.01113

c0	0.0	vary
c1	0.0	vary
